2.000e-03	1.000e-02	0.000e+00	2.500e-01	0.000e+00	3.186e+02	2.494e+04	
2.000e-03	1.000e-02	0.000e+00	2.500e-01	1.000e-01	2.491e+01	1.448e+03	
2.000e-03	1.000e-02	0.000e+00	2.500e-01	2.500e-01	2.385e+01	1.418e+03	
2.000e-03	1.000e-02	0.000e+00	2.500e-01	4.500e-01	2.366e+01	1.413e+03	
2.000e-03	1.000e-02	0.000e+00	5.000e-01	0.000e+00	2.421e+02	1.581e+04	
2.000e-03	1.000e-02	0.000e+00	5.000e-01	1.000e-01	1.641e+01	7.937e+02	
2.000e-03	1.000e-02	0.000e+00	5.000e-01	2.500e-01	1.565e+01	7.610e+02	
2.000e-03	1.000e-02	0.000e+00	5.000e-01	4.500e-01	1.551e+01	7.602e+02	
2.000e-03	1.000e-02	0.000e+00	7.500e-01	0.000e+00	1.845e+02	1.078e+04	
2.000e-03	1.000e-02	0.000e+00	7.500e-01	1.000e-01	1.166e+01	5.273e+02	
2.000e-03	1.000e-02	0.000e+00	7.500e-01	2.500e-01	1.082e+01	4.918e+02	
2.000e-03	1.000e-02	0.000e+00	7.500e-01	4.500e-01	1.065e+01	4.893e+02	
2.000e-03	1.000e-02	0.000e+00	1.000e+00	0.000e+00	1.458e+02	7.754e+03	
2.000e-03	1.000e-02	0.000e+00	1.000e+00	1.000e-01	9.312e+00	4.111e+02	
2.000e-03	1.000e-02	0.000e+00	1.000e+00	2.500e-01	8.798e+00	3.832e+02	
2.000e-03	1.000e-02	0.000e+00	1.000e+00	4.500e-01	8.696e+00	3.800e+02	
2.000e-03	1.000e-01	0.000e+00	2.500e-01	0.000e+00	3.699e+01	6.785e+03	
2.000e-03	1.000e-01	0.000e+00	2.500e-01	1.000e-01	9.929e+00	2.368e+03	
2.000e-03	1.000e-01	0.000e+00	2.500e-01	2.500e-01	2.043e+00	5.647e+02	
2.000e-03	1.000e-01	0.000e+00	2.500e-01	4.500e-01	1.285e+00	3.272e+02	
2.000e-03	1.000e-01	0.000e+00	5.000e-01	0.000e+00	2.847e+01	3.411e+03	
2.000e-03	1.000e-01	0.000e+00	5.000e-01	1.000e-01	5.916e+00	1.104e+03	
2.000e-03	1.000e-01	0.000e+00	5.000e-01	2.500e-01	1.456e+00	3.282e+02	
2.000e-03	1.000e-01	0.000e+00	5.000e-01	4.500e-01	1.831e+00	4.742e+02	
2.000e-03	1.000e-01	0.000e+00	7.500e-01	0.000e+00	2.211e+01	2.241e+03	
2.000e-03	1.000e-01	0.000e+00	7.500e-01	1.000e-01	4.253e+00	5.823e+02	
2.000e-03	1.000e-01	0.000e+00	7.500e-01	2.500e-01	1.088e+00	2.080e+02	
2.000e-03	1.000e-01	0.000e+00	7.500e-01	4.500e-01	2.409e+00	5.768e+02	
2.000e-03	1.000e-01	0.000e+00	1.000e+00	0.000e+00	1.767e+01	1.669e+03	
2.000e-03	1.000e-01	0.000e+00	1.000e+00	1.000e-01	3.280e+00	3.616e+02	
2.000e-03	1.000e-01	0.000e+00	1.000e+00	2.500e-01	1.196e+00	1.742e+02	
2.000e-03	1.000e-01	0.000e+00	1.000e+00	4.500e-01	3.203e+00	5.984e+02	
6.000e-03	1.000e-02	0.000e+00	2.500e-01	0.000e+00	1.360e+03	1.161e+05	
6.000e-03	1.000e-02	0.000e+00	2.500e-01	1.000e-01	9.564e+01	5.838e+03	
6.000e-03	1.000e-02	0.000e+00	2.500e-01	2.500e-01	8.404e+01	5.217e+03	
6.000e-03	1.000e-02	0.000e+00	2.500e-01	4.500e-01	8.200e+01	5.166e+03	
6.000e-03	1.000e-02	0.000e+00	5.000e-01	0.000e+00	9.720e+02	7.350e+04	
6.000e-03	1.000e-02	0.000e+00	5.000e-01	1.000e-01	5.338e+01	2.741e+03	
6.000e-03	1.000e-02	0.000e+00	5.000e-01	2.500e-01	4.532e+01	2.239e+03	
6.000e-03	1.000e-02	0.000e+00	5.000e-01	4.500e-01	4.388e+01	2.218e+03	
6.000e-03	1.000e-02	0.000e+00	7.500e-01	0.000e+00	6.655e+02	4.627e+04	
6.000e-03	1.000e-02	0.000e+00	7.500e-01	1.000e-01	3.601e+01	1.712e+03	
6.000e-03	1.000e-02	0.000e+00	7.500e-01	2.500e-01	3.009e+01	1.336e+03	
6.000e-03	1.000e-02	0.000e+00	7.500e-01	4.500e-01	2.898e+01	1.321e+03	
6.000e-03	1.000e-02	0.000e+00	1.000e+00	0.000e+00	4.804e+02	2.964e+04	
6.000e-03	1.000e-02	0.000e+00	1.000e+00	1.000e-01	2.605e+01	1.236e+03	
6.000e-03	1.000e-02	0.000e+00	1.000e+00	2.500e-01	2.165e+01	9.503e+02	
6.000e-03	1.000e-02	0.000e+00	1.000e+00	4.500e-01	2.100e+01	9.289e+02	
6.000e-03	1.000e-01	0.000e+00	2.500e-01	0.000e+00	3.286e+02	6.049e+04	
6.000e-03	1.000e-01	0.000e+00	2.500e-01	1.000e-01	8.896e+01	2.123e+04	
6.000e-03	1.000e-01	0.000e+00	2.500e-01	2.500e-01	1.836e+01	5.071e+03	
6.000e-03	1.000e-01	0.000e+00	2.500e-01	4.500e-01	6.873e+00	1.808e+03	
6.000e-03	1.000e-01	0.000e+00	5.000e-01	0.000e+00	2.527e+02	3.038e+04	
6.000e-03	1.000e-01	0.000e+00	5.000e-01	1.000e-01	5.299e+01	9.915e+03	
6.000e-03	1.000e-01	0.000e+00	5.000e-01	2.500e-01	1.308e+01	2.950e+03	
6.000e-03	1.000e-01	0.000e+00	5.000e-01	4.500e-01	4.913e+00	1.271e+03	
6.000e-03	1.000e-01	0.000e+00	7.500e-01	0.000e+00	1.960e+02	1.990e+04	
6.000e-03	1.000e-01	0.000e+00	7.500e-01	1.000e-01	3.808e+01	5.226e+03	
6.000e-03	1.000e-01	0.000e+00	7.500e-01	2.500e-01	9.772e+00	1.870e+03	
6.000e-03	1.000e-01	0.000e+00	7.500e-01	4.500e-01	3.733e+00	8.935e+02	
6.000e-03	1.000e-01	0.000e+00	1.000e+00	0.000e+00	1.564e+02	1.478e+04	
6.000e-03	1.000e-01	0.000e+00	1.000e+00	1.000e-01	2.936e+01	3.242e+03	
6.000e-03	1.000e-01	0.000e+00	1.000e+00	2.500e-01	7.507e+00	1.094e+03	
6.000e-03	1.000e-01	0.000e+00	1.000e+00	4.500e-01	2.807e+00	5.244e+02	
4.000e-02	1.000e-02	0.000e+00	2.500e-01	0.000e+00	2.420e+03	2.436e+05	
4.000e-02	1.000e-02	0.000e+00	2.500e-01	1.000e-01	4.568e+02	1.026e+05	
4.000e-02	1.000e-02	0.000e+00	2.500e-01	2.500e-01	1.079e+02	2.336e+04	
4.000e-02	1.000e-02	0.000e+00	2.500e-01	4.500e-01	3.799e+01	9.873e+03	
4.000e-02	1.000e-02	0.000e+00	5.000e-01	0.000e+00	1.690e+03	8.379e+04	
4.000e-02	1.000e-02	0.000e+00	5.000e-01	1.000e-01	3.146e+02	3.816e+04	
4.000e-02	1.000e-02	0.000e+00	5.000e-01	2.500e-01	9.216e+01	1.485e+04	
4.000e-02	1.000e-02	0.000e+00	5.000e-01	4.500e-01	3.375e+01	7.079e+03	
4.000e-02	1.000e-02	0.000e+00	7.500e-01	0.000e+00	8.264e+02	4.919e+04	
4.000e-02	1.000e-02	0.000e+00	7.500e-01	1.000e-01	1.903e+02	1.763e+04	
4.000e-02	1.000e-02	0.000e+00	7.500e-01	2.500e-01	6.905e+01	9.748e+03	
4.000e-02	1.000e-02	0.000e+00	7.500e-01	4.500e-01	2.790e+01	5.186e+03	
4.000e-02	1.000e-02	0.000e+00	1.000e+00	0.000e+00	1.873e+02	1.905e+04	
4.000e-02	1.000e-02	0.000e+00	1.000e+00	1.000e-01	5.291e+01	6.384e+03	
4.000e-02	1.000e-02	0.000e+00	1.000e+00	2.500e-01	2.306e+01	3.336e+03	
4.000e-02	1.000e-02	0.000e+00	1.000e+00	4.500e-01	1.111e+01	1.900e+03	
4.000e-02	1.000e-01	0.000e+00	2.500e-01	0.000e+00	8.992e+03	1.848e+06	
4.000e-02	1.000e-01	0.000e+00	2.500e-01	1.000e-01	3.247e+03	7.927e+05	
4.000e-02	1.000e-01	0.000e+00	2.500e-01	2.500e-01	7.679e+02	2.068e+05	
4.000e-02	1.000e-01	0.000e+00	2.500e-01	4.500e-01	2.781e+02	7.630e+04	
4.000e-02	1.000e-01	0.000e+00	5.000e-01	0.000e+00	6.630e+03	9.434e+05	
4.000e-02	1.000e-01	0.000e+00	5.000e-01	1.000e-01	1.904e+03	3.929e+05	
4.000e-02	1.000e-01	0.000e+00	5.000e-01	2.500e-01	5.449e+02	1.247e+05	
4.000e-02	1.000e-01	0.000e+00	5.000e-01	4.500e-01	2.128e+02	5.390e+04	
4.000e-02	1.000e-01	0.000e+00	7.500e-01	0.000e+00	4.836e+03	5.579e+05	
4.000e-02	1.000e-01	0.000e+00	7.500e-01	1.000e-01	1.339e+03	2.044e+05	
4.000e-02	1.000e-01	0.000e+00	7.500e-01	2.500e-01	4.000e+02	7.963e+04	
4.000e-02	1.000e-01	0.000e+00	7.500e-01	4.500e-01	1.598e+02	3.836e+04	
4.000e-02	1.000e-01	0.000e+00	1.000e+00	0.000e+00	3.682e+03	3.600e+05	
4.000e-02	1.000e-01	0.000e+00	1.000e+00	1.000e-01	1.013e+03	1.197e+05	
4.000e-02	1.000e-01	0.000e+00	1.000e+00	2.500e-01	3.020e+02	4.566e+04	
4.000e-02	1.000e-01	0.000e+00	1.000e+00	4.500e-01	1.184e+02	2.230e+04	
2.000e-03	1.000e-02	-1.000e-01	2.500e-01	0.000e+00	9.427e+00	1.101e+03	
2.000e-03	1.000e-02	-1.000e-01	2.500e-01	1.000e-01	1.653e+00	3.581e+02	
2.000e-03	1.000e-02	-1.000e-01	2.500e-01	2.500e-01	2.914e+00	4.446e+02	
2.000e-03	1.000e-02	-1.000e-01	2.500e-01	4.500e-01	1.276e+01	2.490e+03	
2.000e-03	1.000e-02	-1.000e-01	5.000e-01	0.000e+00	3.411e+00	1.760e+02	
2.000e-03	1.000e-02	-1.000e-01	5.000e-01	1.000e-01	1.365e+00	1.593e+02	
2.000e-03	1.000e-02	-1.000e-01	5.000e-01	2.500e-01	1.014e+01	1.221e+03	
2.000e-03	1.000e-02	-1.000e-01	5.000e-01	4.500e-01	2.158e+01	2.616e+03	
2.000e-03	1.000e-02	-1.000e-01	7.500e-01	0.000e+00	2.078e+00	5.994e+01	
2.000e-03	1.000e-02	-1.000e-01	7.500e-01	1.000e-01	1.069e+00	1.076e+02	
2.000e-03	1.000e-02	-1.000e-01	7.500e-01	2.500e-01	1.610e+02	3.768e+04	
2.000e-03	1.000e-02	-1.000e-01	7.500e-01	4.500e-01	5.170e+02	1.264e+05	
2.000e-03	1.000e-02	-1.000e-01	1.000e+00	0.000e+00	1.532e+00	2.325e+01	
2.000e-03	1.000e-02	-1.000e-01	1.000e+00	1.000e-01	1.320e+00	1.107e+02	
2.000e-03	1.000e-02	-1.000e-01	1.000e+00	2.500e-01	2.267e+02	3.447e+04	
2.000e-03	1.000e-02	-1.000e-01	1.000e+00	4.500e-01	8.735e+02	1.794e+05	
2.000e-03	1.000e-01	-1.000e-01	2.500e-01	0.000e+00	2.522e+01	4.752e+03	
2.000e-03	1.000e-01	-1.000e-01	2.500e-01	1.000e-01	9.929e+00	2.348e+03	
2.000e-03	1.000e-01	-1.000e-01	2.500e-01	2.500e-01	2.731e+00	5.223e+02	
2.000e-03	1.000e-01	-1.000e-01	2.500e-01	4.500e-01	1.431e+00	2.748e+02	
2.000e-03	1.000e-01	-1.000e-01	5.000e-01	0.000e+00	1.162e+01	1.726e+03	
2.000e-03	1.000e-01	-1.000e-01	5.000e-01	1.000e-01	5.916e+00	1.100e+03	
2.000e-03	1.000e-01	-1.000e-01	5.000e-01	2.500e-01	1.088e+00	2.422e+02	
2.000e-03	1.000e-01	-1.000e-01	5.000e-01	4.500e-01	2.650e+00	4.860e+02	
2.000e-03	1.000e-01	-1.000e-01	7.500e-01	0.000e+00	7.371e+00	7.124e+02	
2.000e-03	1.000e-01	-1.000e-01	7.500e-01	1.000e-01	4.253e+00	5.804e+02	
2.000e-03	1.000e-01	-1.000e-01	7.500e-01	2.500e-01	1.959e+00	4.443e+02	
2.000e-03	1.000e-01	-1.000e-01	7.500e-01	4.500e-01	6.676e+00	1.805e+03	
2.000e-03	1.000e-01	-1.000e-01	1.000e+00	0.000e+00	5.520e+00	3.946e+02	
2.000e-03	1.000e-01	-1.000e-01	1.000e+00	1.000e-01	3.280e+00	3.606e+02	
2.000e-03	1.000e-01	-1.000e-01	1.000e+00	2.500e-01	2.730e+00	4.365e+02	
2.000e-03	1.000e-01	-1.000e-01	1.000e+00	4.500e-01	9.887e+00	2.079e+03	
6.000e-03	1.000e-02	-1.000e-01	2.500e-01	0.000e+00	8.077e+01	9.758e+03	
6.000e-03	1.000e-02	-1.000e-01	2.500e-01	1.000e-01	1.471e+01	3.210e+03	
6.000e-03	1.000e-02	-1.000e-01	2.500e-01	2.500e-01	3.085e+00	4.703e+02	
6.000e-03	1.000e-02	-1.000e-01	2.500e-01	4.500e-01	1.419e+00	2.768e+02	
6.000e-03	1.000e-02	-1.000e-01	5.000e-01	0.000e+00	3.024e+01	1.569e+03	
6.000e-03	1.000e-02	-1.000e-01	5.000e-01	1.000e-01	1.212e+01	1.422e+03	
6.000e-03	1.000e-02	-1.000e-01	5.000e-01	2.500e-01	1.127e+00	1.356e+02	
6.000e-03	1.000e-02	-1.000e-01	5.000e-01	4.500e-01	2.399e+00	2.905e+02	
6.000e-03	1.000e-02	-1.000e-01	7.500e-01	0.000e+00	1.856e+01	5.331e+02	
6.000e-03	1.000e-02	-1.000e-01	7.500e-01	1.000e-01	9.390e+00	9.548e+02	
6.000e-03	1.000e-02	-1.000e-01	7.500e-01	2.500e-01	1.793e+01	4.199e+03	
6.000e-03	1.000e-02	-1.000e-01	7.500e-01	4.500e-01	5.751e+01	1.405e+04	
6.000e-03	1.000e-02	-1.000e-01	1.000e+00	0.000e+00	1.371e+01	2.070e+02	
6.000e-03	1.000e-02	-1.000e-01	1.000e+00	1.000e-01	6.512e+00	5.504e+02	
6.000e-03	1.000e-02	-1.000e-01	1.000e+00	2.500e-01	2.525e+01	3.842e+03	
6.000e-03	1.000e-02	-1.000e-01	1.000e+00	4.500e-01	9.716e+01	1.995e+04	
6.000e-03	1.000e-01	-1.000e-01	2.500e-01	0.000e+00	2.247e+02	4.246e+04	
6.000e-03	1.000e-01	-1.000e-01	2.500e-01	1.000e-01	8.896e+01	2.106e+04	
6.000e-03	1.000e-01	-1.000e-01	2.500e-01	2.500e-01	2.455e+01	4.691e+03	
6.000e-03	1.000e-01	-1.000e-01	2.500e-01	4.500e-01	6.284e+00	1.206e+03	
6.000e-03	1.000e-01	-1.000e-01	5.000e-01	0.000e+00	1.039e+02	1.549e+04	
6.000e-03	1.000e-01	-1.000e-01	5.000e-01	1.000e-01	5.299e+01	9.874e+03	
6.000e-03	1.000e-01	-1.000e-01	5.000e-01	2.500e-01	9.784e+00	2.174e+03	
6.000e-03	1.000e-01	-1.000e-01	5.000e-01	4.500e-01	3.395e+00	6.224e+02	
6.000e-03	1.000e-01	-1.000e-01	7.500e-01	0.000e+00	6.606e+01	6.405e+03	
6.000e-03	1.000e-01	-1.000e-01	7.500e-01	1.000e-01	3.808e+01	5.210e+03	
6.000e-03	1.000e-01	-1.000e-01	7.500e-01	2.500e-01	4.585e+00	1.040e+03	
6.000e-03	1.000e-01	-1.000e-01	7.500e-01	4.500e-01	1.347e+00	3.643e+02	
6.000e-03	1.000e-01	-1.000e-01	1.000e+00	0.000e+00	4.953e+01	3.552e+03	
6.000e-03	1.000e-01	-1.000e-01	1.000e+00	1.000e-01	2.936e+01	3.233e+03	
6.000e-03	1.000e-01	-1.000e-01	1.000e+00	2.500e-01	3.290e+00	5.265e+02	
6.000e-03	1.000e-01	-1.000e-01	1.000e+00	4.500e-01	1.100e+00	2.313e+02	
4.000e-02	1.000e-02	-1.000e-01	2.500e-01	0.000e+00	1.313e+03	2.145e+05	
4.000e-02	1.000e-02	-1.000e-01	2.500e-01	1.000e-01	4.568e+02	1.038e+05	
4.000e-02	1.000e-02	-1.000e-01	2.500e-01	2.500e-01	1.288e+02	1.867e+04	
4.000e-02	1.000e-02	-1.000e-01	2.500e-01	4.500e-01	3.043e+01	5.853e+03	
4.000e-02	1.000e-02	-1.000e-01	5.000e-01	0.000e+00	7.595e+02	4.669e+04	
4.000e-02	1.000e-02	-1.000e-01	5.000e-01	1.000e-01	3.146e+02	3.812e+04	
4.000e-02	1.000e-02	-1.000e-01	5.000e-01	2.500e-01	3.738e+01	4.104e+03	
4.000e-02	1.000e-02	-1.000e-01	5.000e-01	4.500e-01	1.804e+01	2.049e+03	
4.000e-02	1.000e-02	-1.000e-01	7.500e-01	0.000e+00	5.856e+02	1.524e+04	
4.000e-02	1.000e-02	-1.000e-01	7.500e-01	1.000e-01	1.903e+02	1.760e+04	
4.000e-02	1.000e-02	-1.000e-01	7.500e-01	2.500e-01	2.233e+00	5.386e+02	
4.000e-02	1.000e-02	-1.000e-01	7.500e-01	4.500e-01	1.360e+00	3.317e+02	
4.000e-02	1.000e-02	-1.000e-01	1.000e+00	0.000e+00	4.818e+02	1.053e+04	
4.000e-02	1.000e-02	-1.000e-01	1.000e+00	1.000e-01	5.291e+01	6.350e+03	
4.000e-02	1.000e-02	-1.000e-01	1.000e+00	2.500e-01	1.579e+00	2.498e+02	
4.000e-02	1.000e-02	-1.000e-01	1.000e+00	4.500e-01	2.293e+00	4.779e+02	
4.000e-02	1.000e-01	-1.000e-01	2.500e-01	0.000e+00	6.777e+03	1.383e+06	
4.000e-02	1.000e-01	-1.000e-01	2.500e-01	1.000e-01	3.247e+03	7.896e+05	
4.000e-02	1.000e-01	-1.000e-01	2.500e-01	2.500e-01	1.031e+03	1.879e+05	
4.000e-02	1.000e-01	-1.000e-01	2.500e-01	4.500e-01	2.726e+02	5.121e+04	
4.000e-02	1.000e-01	-1.000e-01	5.000e-01	0.000e+00	3.508e+03	6.070e+05	
4.000e-02	1.000e-01	-1.000e-01	5.000e-01	1.000e-01	1.904e+03	3.922e+05	
4.000e-02	1.000e-01	-1.000e-01	5.000e-01	2.500e-01	4.123e+02	8.692e+04	
4.000e-02	1.000e-01	-1.000e-01	5.000e-01	4.500e-01	1.467e+02	2.622e+04	
4.000e-02	1.000e-01	-1.000e-01	7.500e-01	0.000e+00	2.434e+03	2.731e+05	
4.000e-02	1.000e-01	-1.000e-01	7.500e-01	1.000e-01	1.339e+03	2.041e+05	
4.000e-02	1.000e-01	-1.000e-01	7.500e-01	2.500e-01	1.863e+02	4.346e+04	
4.000e-02	1.000e-01	-1.000e-01	7.500e-01	4.500e-01	5.758e+01	1.555e+04	
4.000e-02	1.000e-01	-1.000e-01	1.000e+00	0.000e+00	1.910e+03	1.596e+05	
4.000e-02	1.000e-01	-1.000e-01	1.000e+00	1.000e-01	1.013e+03	1.196e+05	
4.000e-02	1.000e-01	-1.000e-01	1.000e+00	2.500e-01	1.332e+02	2.206e+04	
4.000e-02	1.000e-01	-1.000e-01	1.000e+00	4.500e-01	3.877e+01	8.258e+03	
2.000e-03	1.000e-02	-2.500e-01	2.500e-01	0.000e+00	1.777e+00	2.149e+02	
2.000e-03	1.000e-02	-2.500e-01	2.500e-01	1.000e-01	4.545e+00	4.629e+02	
2.000e-03	1.000e-02	-2.500e-01	2.500e-01	2.500e-01	3.358e+00	7.317e+02	
2.000e-03	1.000e-02	-2.500e-01	2.500e-01	4.500e-01	9.307e+01	7.226e+03	
2.000e-03	1.000e-02	-2.500e-01	5.000e-01	0.000e+00	1.552e+00	2.015e+02	
2.000e-03	1.000e-02	-2.500e-01	5.000e-01	1.000e-01	1.228e+00	8.019e+01	
2.000e-03	1.000e-02	-2.500e-01	5.000e-01	2.500e-01	3.815e+00	6.129e+02	
2.000e-03	1.000e-02	-2.500e-01	5.000e-01	4.500e-01	4.699e+02	8.787e+04	
2.000e-03	1.000e-02	-2.500e-01	7.500e-01	0.000e+00	2.554e+00	3.035e+02	
2.000e-03	1.000e-02	-2.500e-01	7.500e-01	1.000e-01	2.864e+00	2.695e+02	
2.000e-03	1.000e-02	-2.500e-01	7.500e-01	2.500e-01	4.608e+00	6.533e+02	
2.000e-03	1.000e-02	-2.500e-01	7.500e-01	4.500e-01	9.773e+02	2.511e+05	
2.000e-03	1.000e-02	-2.500e-01	1.000e+00	0.000e+00	3.468e+00	3.679e+02	
2.000e-03	1.000e-02	-2.500e-01	1.000e+00	1.000e-01	3.473e+00	2.539e+02	
2.000e-03	1.000e-02	-2.500e-01	1.000e+00	2.500e-01	7.108e+00	7.664e+02	
2.000e-03	1.000e-02	-2.500e-01	1.000e+00	4.500e-01	1.369e+03	2.972e+05	
2.000e-03	1.000e-01	-2.500e-01	2.500e-01	0.000e+00	8.913e+00	9.194e+02	
2.000e-03	1.000e-01	-2.500e-01	2.500e-01	1.000e-01	1.709e+01	2.034e+03	
2.000e-03	1.000e-01	-2.500e-01	2.500e-01	2.500e-01	2.043e+00	5.400e+02	
2.000e-03	1.000e-01	-2.500e-01	2.500e-01	4.500e-01	1.842e+00	2.249e+02	
2.000e-03	1.000e-01	-2.500e-01	5.000e-01	0.000e+00	3.449e+00	5.503e+02	
2.000e-03	1.000e-01	-2.500e-01	5.000e-01	1.000e-01	3.318e+00	4.470e+02	
2.000e-03	1.000e-01	-2.500e-01	5.000e-01	2.500e-01	1.456e+00	3.235e+02	
2.000e-03	1.000e-01	-2.500e-01	5.000e-01	4.500e-01	5.271e+00	1.034e+03	
2.000e-03	1.000e-01	-2.500e-01	7.500e-01	0.000e+00	2.109e+00	3.550e+02	
2.000e-03	1.000e-01	-2.500e-01	7.500e-01	1.000e-01	1.878e+00	2.992e+02	
2.000e-03	1.000e-01	-2.500e-01	7.500e-01	2.500e-01	1.088e+00	2.062e+02	
2.000e-03	1.000e-01	-2.500e-01	7.500e-01	4.500e-01	1.037e+01	2.661e+03	
2.000e-03	1.000e-01	-2.500e-01	1.000e+00	0.000e+00	1.560e+00	2.438e+02	
2.000e-03	1.000e-01	-2.500e-01	1.000e+00	1.000e-01	1.524e+00	2.033e+02	
2.000e-03	1.000e-01	-2.500e-01	1.000e+00	2.500e-01	1.196e+00	1.728e+02	
2.000e-03	1.000e-01	-2.500e-01	1.000e+00	4.500e-01	1.449e+01	3.185e+03	
6.000e-03	1.000e-02	-2.500e-01	2.500e-01	0.000e+00	1.585e+01	1.923e+03	
6.000e-03	1.000e-02	-2.500e-01	2.500e-01	1.000e-01	3.997e+01	4.101e+03	
6.000e-03	1.000e-02	-2.500e-01	2.500e-01	2.500e-01	2.675e+00	5.831e+02	
6.000e-03	1.000e-02	-2.500e-01	2.500e-01	4.500e-01	1.037e+01	8.064e+02	
6.000e-03	1.000e-02	-2.500e-01	5.000e-01	0.000e+00	5.784e+00	7.520e+02	
6.000e-03	1.000e-02	-2.500e-01	5.000e-01	1.000e-01	7.353e+00	4.778e+02	
6.000e-03	1.000e-02	-2.500e-01	5.000e-01	2.500e-01	2.353e+00	3.784e+02	
6.000e-03	1.000e-02	-2.500e-01	5.000e-01	4.500e-01	5.225e+01	9.771e+03	
6.000e-03	1.000e-02	-2.500e-01	7.500e-01	0.000e+00	3.518e+00	4.184e+02	
6.000e-03	1.000e-02	-2.500e-01	7.500e-01	1.000e-01	3.139e+00	2.954e+02	
6.000e-03	1.000e-02	-2.500e-01	7.500e-01	2.500e-01	1.944e+00	2.761e+02	
6.000e-03	1.000e-02	-2.500e-01	7.500e-01	4.500e-01	1.087e+02	2.792e+04	
6.000e-03	1.000e-02	-2.500e-01	1.000e+00	0.000e+00	2.593e+00	2.752e+02	
6.000e-03	1.000e-02	-2.500e-01	1.000e+00	1.000e-01	2.589e+00	1.893e+02	
6.000e-03	1.000e-02	-2.500e-01	1.000e+00	2.500e-01	1.244e+00	1.348e+02	
6.000e-03	1.000e-02	-2.500e-01	1.000e+00	4.500e-01	1.522e+02	3.305e+04	
6.000e-03	1.000e-01	-2.500e-01	2.500e-01	0.000e+00	7.983e+01	8.250e+03	
6.000e-03	1.000e-01	-2.500e-01	2.500e-01	1.000e-01	1.524e+02	1.818e+04	
6.000e-03	1.000e-01	-2.500e-01	2.500e-01	2.500e-01	1.836e+01	4.854e+03	
6.000e-03	1.000e-01	-2.500e-01	2.500e-01	4.500e-01	4.882e+00	5.960e+02	
6.000e-03	1.000e-01	-2.500e-01	5.000e-01	0.000e+00	3.099e+01	4.947e+03	
6.000e-03	1.000e-01	-2.500e-01	5.000e-01	1.000e-01	2.988e+01	4.014e+03	
6.000e-03	1.000e-01	-2.500e-01	5.000e-01	2.500e-01	1.308e+01	2.909e+03	
6.000e-03	1.000e-01	-2.500e-01	5.000e-01	4.500e-01	1.706e+00	3.345e+02	
6.000e-03	1.000e-01	-2.500e-01	7.500e-01	0.000e+00	1.896e+01	3.193e+03	
6.000e-03	1.000e-01	-2.500e-01	7.500e-01	1.000e-01	1.689e+01	2.691e+03	
6.000e-03	1.000e-01	-2.500e-01	7.500e-01	2.500e-01	9.772e+00	1.855e+03	
6.000e-03	1.000e-01	-2.500e-01	7.500e-01	4.500e-01	1.153e+00	2.959e+02	
6.000e-03	1.000e-01	-2.500e-01	1.000e+00	0.000e+00	1.403e+01	2.193e+03	
6.000e-03	1.000e-01	-2.500e-01	1.000e+00	1.000e-01	1.370e+01	1.829e+03	
6.000e-03	1.000e-01	-2.500e-01	1.000e+00	2.500e-01	7.507e+00	1.085e+03	
6.000e-03	1.000e-01	-2.500e-01	1.000e+00	4.500e-01	1.611e+00	3.542e+02	
4.000e-02	1.000e-02	-2.500e-01	2.500e-01	0.000e+00	4.912e+02	6.775e+04	
4.000e-02	1.000e-02	-2.500e-01	2.500e-01	1.000e-01	8.307e+02	1.050e+05	
4.000e-02	1.000e-02	-2.500e-01	2.500e-01	2.500e-01	1.083e+02	2.371e+04	
4.000e-02	1.000e-02	-2.500e-01	2.500e-01	4.500e-01	3.736e+00	3.072e+02	
4.000e-02	1.000e-02	-2.500e-01	5.000e-01	0.000e+00	2.270e+02	3.101e+04	
4.000e-02	1.000e-02	-2.500e-01	5.000e-01	1.000e-01	3.456e+02	1.919e+04	
4.000e-02	1.000e-02	-2.500e-01	5.000e-01	2.500e-01	9.217e+01	1.483e+04	
4.000e-02	1.000e-02	-2.500e-01	5.000e-01	4.500e-01	1.220e+00	2.273e+02	
4.000e-02	1.000e-02	-2.500e-01	7.500e-01	0.000e+00	1.463e+02	1.793e+04	
4.000e-02	1.000e-02	-2.500e-01	7.500e-01	1.000e-01	1.314e+02	1.236e+04	
4.000e-02	1.000e-02	-2.500e-01	7.500e-01	2.500e-01	6.905e+01	9.720e+03	
4.000e-02	1.000e-02	-2.500e-01	7.500e-01	4.500e-01	2.526e+00	6.502e+02	
4.000e-02	1.000e-02	-2.500e-01	1.000e+00	0.000e+00	1.103e+02	1.195e+04	
4.000e-02	1.000e-02	-2.500e-01	1.000e+00	1.000e-01	1.102e+02	8.039e+03	
4.000e-02	1.000e-02	-2.500e-01	1.000e+00	2.500e-01	2.306e+01	3.302e+03	
4.000e-02	1.000e-02	-2.500e-01	1.000e+00	4.500e-01	3.542e+00	7.766e+02	
4.000e-02	1.000e-01	-2.500e-01	2.500e-01	0.000e+00	2.865e+03	3.212e+05	
4.000e-02	1.000e-01	-2.500e-01	2.500e-01	1.000e-01	4.717e+03	6.159e+05	
4.000e-02	1.000e-01	-2.500e-01	2.500e-01	2.500e-01	7.679e+02	2.031e+05	
4.000e-02	1.000e-01	-2.500e-01	2.500e-01	4.500e-01	2.061e+02	2.517e+04	
4.000e-02	1.000e-01	-2.500e-01	5.000e-01	0.000e+00	1.264e+03	2.080e+05	
4.000e-02	1.000e-01	-2.500e-01	5.000e-01	1.000e-01	1.344e+03	1.618e+05	
4.000e-02	1.000e-01	-2.500e-01	5.000e-01	2.500e-01	5.449e+02	1.240e+05	
4.000e-02	1.000e-01	-2.500e-01	5.000e-01	4.500e-01	7.338e+01	1.429e+04	
4.000e-02	1.000e-01	-2.500e-01	7.500e-01	0.000e+00	8.034e+02	1.377e+05	
4.000e-02	1.000e-01	-2.500e-01	7.500e-01	1.000e-01	7.181e+02	1.179e+05	
4.000e-02	1.000e-01	-2.500e-01	7.500e-01	2.500e-01	4.000e+02	7.938e+04	
4.000e-02	1.000e-01	-2.500e-01	7.500e-01	4.500e-01	3.737e+01	9.601e+03	
4.000e-02	1.000e-01	-2.500e-01	1.000e+00	0.000e+00	6.041e+02	9.551e+04	
4.000e-02	1.000e-01	-2.500e-01	1.000e+00	1.000e-01	5.887e+02	8.076e+04	
4.000e-02	1.000e-01	-2.500e-01	1.000e+00	2.500e-01	3.020e+02	4.553e+04	
4.000e-02	1.000e-01	-2.500e-01	1.000e+00	4.500e-01	2.672e+01	5.929e+03	
2.000e-03	1.000e-02	-4.500e-01	2.500e-01	0.000e+00	6.210e+02	5.495e+04	
2.000e-03	1.000e-02	-4.500e-01	2.500e-01	1.000e-01	5.370e+01	3.544e+03	
2.000e-03	1.000e-02	-4.500e-01	2.500e-01	2.500e-01	5.399e+00	9.187e+02	
2.000e-03	1.000e-02	-4.500e-01	2.500e-01	4.500e-01	1.030e+01	2.699e+03	
2.000e-03	1.000e-02	-4.500e-01	5.000e-01	0.000e+00	4.026e+02	3.104e+04	
2.000e-03	1.000e-02	-4.500e-01	5.000e-01	1.000e-01	2.912e+00	1.900e+02	
2.000e-03	1.000e-02	-4.500e-01	5.000e-01	2.500e-01	7.474e+00	1.248e+03	
2.000e-03	1.000e-02	-4.500e-01	5.000e-01	4.500e-01	1.135e+01	2.374e+03	
2.000e-03	1.000e-02	-4.500e-01	7.500e-01	0.000e+00	9.458e+01	5.223e+03	
2.000e-03	1.000e-02	-4.500e-01	7.500e-01	1.000e-01	4.797e+00	5.643e+02	
2.000e-03	1.000e-02	-4.500e-01	7.500e-01	2.500e-01	9.145e+00	1.371e+03	
2.000e-03	1.000e-02	-4.500e-01	7.500e-01	4.500e-01	1.319e+01	2.454e+03	
2.000e-03	1.000e-02	-4.500e-01	1.000e+00	0.000e+00	1.049e+01	8.515e+02	
2.000e-03	1.000e-02	-4.500e-01	1.000e+00	1.000e-01	6.516e+00	8.183e+02	
2.000e-03	1.000e-02	-4.500e-01	1.000e+00	2.500e-01	1.051e+01	1.358e+03	
2.000e-03	1.000e-02	-4.500e-01	1.000e+00	4.500e-01	2.152e+01	3.023e+03	
2.000e-03	1.000e-01	-4.500e-01	2.500e-01	0.000e+00	6.782e+00	6.126e+02	
2.000e-03	1.000e-01	-4.500e-01	2.500e-01	1.000e-01	1.111e+00	8.294e+01	
2.000e-03	1.000e-01	-4.500e-01	2.500e-01	2.500e-01	1.322e+00	1.973e+02	
2.000e-03	1.000e-01	-4.500e-01	2.500e-01	4.500e-01	1.406e+00	3.662e+02	
2.000e-03	1.000e-01	-4.500e-01	5.000e-01	0.000e+00	4.815e+00	3.918e+02	
2.000e-03	1.000e-01	-4.500e-01	5.000e-01	1.000e-01	1.642e+00	1.322e+02	
2.000e-03	1.000e-01	-4.500e-01	5.000e-01	2.500e-01	1.130e+00	2.130e+02	
2.000e-03	1.000e-01	-4.500e-01	5.000e-01	4.500e-01	1.831e+00	4.556e+02	
2.000e-03	1.000e-01	-4.500e-01	7.500e-01	0.000e+00	2.480e+00	1.775e+02	
2.000e-03	1.000e-01	-4.500e-01	7.500e-01	1.000e-01	1.242e+00	1.522e+02	
2.000e-03	1.000e-01	-4.500e-01	7.500e-01	2.500e-01	1.433e+00	2.721e+02	
2.000e-03	1.000e-01	-4.500e-01	7.500e-01	4.500e-01	2.409e+00	5.647e+02	
2.000e-03	1.000e-01	-4.500e-01	1.000e+00	0.000e+00	1.716e+00	1.487e+02	
2.000e-03	1.000e-01	-4.500e-01	1.000e+00	1.000e-01	1.089e+00	1.655e+02	
2.000e-03	1.000e-01	-4.500e-01	1.000e+00	2.500e-01	1.686e+00	2.943e+02	
2.000e-03	1.000e-01	-4.500e-01	1.000e+00	4.500e-01	3.203e+00	5.869e+02	
6.000e-03	1.000e-02	-4.500e-01	2.500e-01	0.000e+00	6.893e+01	6.098e+03	
6.000e-03	1.000e-02	-4.500e-01	2.500e-01	1.000e-01	5.935e+00	3.913e+02	
6.000e-03	1.000e-02	-4.500e-01	2.500e-01	2.500e-01	1.665e+00	2.835e+02	
6.000e-03	1.000e-02	-4.500e-01	2.500e-01	4.500e-01	1.145e+00	3.001e+02	
6.000e-03	1.000e-02	-4.500e-01	5.000e-01	0.000e+00	4.467e+01	3.443e+03	
6.000e-03	1.000e-02	-4.500e-01	5.000e-01	1.000e-01	3.086e+00	2.019e+02	
6.000e-03	1.000e-02	-4.500e-01	5.000e-01	2.500e-01	1.203e+00	2.010e+02	
6.000e-03	1.000e-02	-4.500e-01	5.000e-01	4.500e-01	1.262e+00	2.640e+02	
6.000e-03	1.000e-02	-4.500e-01	7.500e-01	0.000e+00	1.046e+01	5.772e+02	
6.000e-03	1.000e-02	-4.500e-01	7.500e-01	1.000e-01	1.875e+00	2.207e+02	
6.000e-03	1.000e-02	-4.500e-01	7.500e-01	2.500e-01	1.016e+00	1.524e+02	
6.000e-03	1.000e-02	-4.500e-01	7.500e-01	4.500e-01	1.468e+00	2.733e+02	
6.000e-03	1.000e-02	-4.500e-01	1.000e+00	0.000e+00	1.165e+00	9.472e+01	
6.000e-03	1.000e-02	-4.500e-01	1.000e+00	1.000e-01	1.381e+00	1.734e+02	
6.000e-03	1.000e-02	-4.500e-01	1.000e+00	2.500e-01	1.168e+00	1.510e+02	
6.000e-03	1.000e-02	-4.500e-01	1.000e+00	4.500e-01	2.414e+00	3.402e+02	
6.000e-03	1.000e-01	-4.500e-01	2.500e-01	0.000e+00	1.328e+00	1.200e+02	
6.000e-03	1.000e-01	-4.500e-01	2.500e-01	1.000e-01	1.002e+01	7.479e+02	
6.000e-03	1.000e-01	-4.500e-01	2.500e-01	2.500e-01	1.189e+01	1.775e+03	
6.000e-03	1.000e-01	-4.500e-01	2.500e-01	4.500e-01	6.399e+00	1.666e+03	
6.000e-03	1.000e-01	-4.500e-01	5.000e-01	0.000e+00	1.871e+00	1.522e+02	
6.000e-03	1.000e-01	-4.500e-01	5.000e-01	1.000e-01	1.478e+01	1.191e+03	
6.000e-03	1.000e-01	-4.500e-01	5.000e-01	2.500e-01	7.963e+00	1.502e+03	
6.000e-03	1.000e-01	-4.500e-01	5.000e-01	4.500e-01	4.913e+00	1.223e+03	
6.000e-03	1.000e-01	-4.500e-01	7.500e-01	0.000e+00	3.633e+00	2.600e+02	
6.000e-03	1.000e-01	-4.500e-01	7.500e-01	1.000e-01	1.117e+01	1.370e+03	
6.000e-03	1.000e-01	-4.500e-01	7.500e-01	2.500e-01	6.278e+00	1.192e+03	
6.000e-03	1.000e-01	-4.500e-01	7.500e-01	4.500e-01	3.733e+00	8.752e+02	
6.000e-03	1.000e-01	-4.500e-01	1.000e+00	0.000e+00	5.244e+00	4.545e+02	
6.000e-03	1.000e-01	-4.500e-01	1.000e+00	1.000e-01	8.260e+00	1.255e+03	
6.000e-03	1.000e-01	-4.500e-01	1.000e+00	2.500e-01	5.335e+00	9.311e+02	
6.000e-03	1.000e-01	-4.500e-01	1.000e+00	4.500e-01	2.807e+00	5.146e+02	
4.000e-02	1.000e-02	-4.500e-01	2.500e-01	0.000e+00	1.473e+00	1.289e+02	
4.000e-02	1.000e-02	-4.500e-01	2.500e-01	1.000e-01	1.007e+01	6.299e+02	
4.000e-02	1.000e-02	-4.500e-01	2.500e-01	2.500e-01	7.098e+01	1.234e+04	
4.000e-02	1.000e-02	-4.500e-01	2.500e-01	4.500e-01	3.765e+01	9.838e+03	
4.000e-02	1.000e-02	-4.500e-01	5.000e-01	0.000e+00	1.070e+00	8.124e+01	
4.000e-02	1.000e-02	-4.500e-01	5.000e-01	1.000e-01	1.283e+02	9.463e+03	
4.000e-02	1.000e-02	-4.500e-01	5.000e-01	2.500e-01	5.212e+01	8.810e+03	
4.000e-02	1.000e-02	-4.500e-01	5.000e-01	4.500e-01	3.375e+01	7.030e+03	
4.000e-02	1.000e-02	-4.500e-01	7.500e-01	0.000e+00	5.473e+00	2.907e+02	
4.000e-02	1.000e-02	-4.500e-01	7.500e-01	1.000e-01	8.043e+01	9.746e+03	
4.000e-02	1.000e-02	-4.500e-01	7.500e-01	2.500e-01	4.292e+01	6.478e+03	
4.000e-02	1.000e-02	-4.500e-01	7.500e-01	4.500e-01	2.790e+01	5.156e+03	
4.000e-02	1.000e-02	-4.500e-01	1.000e+00	0.000e+00	3.760e+01	3.182e+03	
4.000e-02	1.000e-02	-4.500e-01	1.000e+00	1.000e-01	5.997e+01	7.623e+03	
4.000e-02	1.000e-02	-4.500e-01	1.000e+00	2.500e-01	3.753e+01	4.860e+03	
4.000e-02	1.000e-02	-4.500e-01	1.000e+00	4.500e-01	1.111e+01	1.870e+03	
4.000e-02	1.000e-01	-4.500e-01	2.500e-01	0.000e+00	6.165e+01	5.525e+03	
4.000e-02	1.000e-01	-4.500e-01	2.500e-01	1.000e-01	4.908e+02	3.650e+04	
4.000e-02	1.000e-01	-4.500e-01	2.500e-01	2.500e-01	5.109e+02	7.804e+04	
4.000e-02	1.000e-01	-4.500e-01	2.500e-01	4.500e-01	2.781e+02	7.232e+04	
4.000e-02	1.000e-01	-4.500e-01	5.000e-01	0.000e+00	8.757e+01	7.065e+03	
4.000e-02	1.000e-01	-4.500e-01	5.000e-01	1.000e-01	6.545e+02	5.490e+04	
4.000e-02	1.000e-01	-4.500e-01	5.000e-01	2.500e-01	3.465e+02	6.602e+04	
4.000e-02	1.000e-01	-4.500e-01	5.000e-01	4.500e-01	2.128e+02	5.322e+04	
4.000e-02	1.000e-01	-4.500e-01	7.500e-01	0.000e+00	1.697e+02	1.217e+04	
4.000e-02	1.000e-01	-4.500e-01	7.500e-01	1.000e-01	4.836e+02	6.107e+04	
4.000e-02	1.000e-01	-4.500e-01	7.500e-01	2.500e-01	2.748e+02	5.246e+04	
4.000e-02	1.000e-01	-4.500e-01	7.500e-01	4.500e-01	1.598e+02	3.810e+04	
4.000e-02	1.000e-01	-4.500e-01	1.000e+00	0.000e+00	2.324e+02	2.063e+04	
4.000e-02	1.000e-01	-4.500e-01	1.000e+00	1.000e-01	3.607e+02	5.551e+04	
4.000e-02	1.000e-01	-4.500e-01	1.000e+00	2.500e-01	2.343e+02	4.099e+04	
4.000e-02	1.000e-01	-4.500e-01	1.000e+00	4.500e-01	1.184e+02	2.217e+04	

Time spent 3711.881742 seconds. 
 
