2.000e-03	1.000e-02	0.000e+00	2.500e-01	0.000e+00	1.726e+02	1.110e+04	
2.000e-03	1.000e-02	0.000e+00	2.500e-01	1.000e-01	1.350e+01	7.542e+02	
2.000e-03	1.000e-02	0.000e+00	2.500e-01	2.500e-01	1.292e+01	7.454e+02	
2.000e-03	1.000e-02	0.000e+00	2.500e-01	4.500e-01	1.282e+01	7.452e+02	
2.000e-03	1.000e-02	0.000e+00	5.000e-01	0.000e+00	1.312e+02	7.711e+03	
2.000e-03	1.000e-02	0.000e+00	5.000e-01	1.000e-01	8.890e+00	4.076e+02	
2.000e-03	1.000e-02	0.000e+00	5.000e-01	2.500e-01	8.478e+00	4.057e+02	
2.000e-03	1.000e-02	0.000e+00	5.000e-01	4.500e-01	8.401e+00	4.072e+02	
2.000e-03	1.000e-02	0.000e+00	7.500e-01	0.000e+00	9.996e+01	5.441e+03	
2.000e-03	1.000e-02	0.000e+00	7.500e-01	1.000e-01	6.317e+00	2.699e+02	
2.000e-03	1.000e-02	0.000e+00	7.500e-01	2.500e-01	5.864e+00	2.626e+02	
2.000e-03	1.000e-02	0.000e+00	7.500e-01	4.500e-01	5.771e+00	2.631e+02	
2.000e-03	1.000e-02	0.000e+00	1.000e+00	0.000e+00	7.898e+01	4.029e+03	
2.000e-03	1.000e-02	0.000e+00	1.000e+00	1.000e-01	5.045e+00	2.140e+02	
2.000e-03	1.000e-02	0.000e+00	1.000e+00	2.500e-01	4.766e+00	2.054e+02	
2.000e-03	1.000e-02	0.000e+00	1.000e+00	4.500e-01	4.711e+00	2.049e+02	
2.000e-03	1.000e-01	0.000e+00	2.500e-01	0.000e+00	2.004e+01	3.664e+03	
2.000e-03	1.000e-01	0.000e+00	2.500e-01	1.000e-01	5.379e+00	1.351e+03	
2.000e-03	1.000e-01	0.000e+00	2.500e-01	2.500e-01	1.107e+00	3.188e+02	
2.000e-03	1.000e-01	0.000e+00	2.500e-01	4.500e-01	2.371e+00	6.268e+02	
2.000e-03	1.000e-01	0.000e+00	5.000e-01	0.000e+00	1.542e+01	1.581e+03	
2.000e-03	1.000e-01	0.000e+00	5.000e-01	1.000e-01	3.205e+00	5.840e+02	
2.000e-03	1.000e-01	0.000e+00	5.000e-01	2.500e-01	1.268e+00	2.915e+02	
2.000e-03	1.000e-01	0.000e+00	5.000e-01	4.500e-01	3.379e+00	9.079e+02	
2.000e-03	1.000e-01	0.000e+00	7.500e-01	0.000e+00	1.198e+01	8.877e+02	
2.000e-03	1.000e-01	0.000e+00	7.500e-01	1.000e-01	2.304e+00	2.758e+02	
2.000e-03	1.000e-01	0.000e+00	7.500e-01	2.500e-01	1.697e+00	3.167e+02	
2.000e-03	1.000e-01	0.000e+00	7.500e-01	4.500e-01	4.447e+00	1.080e+03	
2.000e-03	1.000e-01	0.000e+00	1.000e+00	0.000e+00	9.572e+00	6.010e+02	
2.000e-03	1.000e-01	0.000e+00	1.000e+00	1.000e-01	1.777e+00	1.502e+02	
2.000e-03	1.000e-01	0.000e+00	1.000e+00	2.500e-01	2.209e+00	2.870e+02	
2.000e-03	1.000e-01	0.000e+00	1.000e+00	4.500e-01	5.911e+00	1.060e+03	
6.000e-03	1.000e-02	0.000e+00	2.500e-01	0.000e+00	7.365e+02	4.741e+04	
6.000e-03	1.000e-02	0.000e+00	2.500e-01	1.000e-01	5.181e+01	2.983e+03	
6.000e-03	1.000e-02	0.000e+00	2.500e-01	2.500e-01	4.553e+01	2.710e+03	
6.000e-03	1.000e-02	0.000e+00	2.500e-01	4.500e-01	4.443e+01	2.701e+03	
6.000e-03	1.000e-02	0.000e+00	5.000e-01	0.000e+00	5.266e+02	3.350e+04	
6.000e-03	1.000e-02	0.000e+00	5.000e-01	1.000e-01	2.892e+01	1.307e+03	
6.000e-03	1.000e-02	0.000e+00	5.000e-01	2.500e-01	2.455e+01	1.174e+03	
6.000e-03	1.000e-02	0.000e+00	5.000e-01	4.500e-01	2.377e+01	1.181e+03	
6.000e-03	1.000e-02	0.000e+00	7.500e-01	0.000e+00	3.605e+02	2.202e+04	
6.000e-03	1.000e-02	0.000e+00	7.500e-01	1.000e-01	1.951e+01	7.961e+02	
6.000e-03	1.000e-02	0.000e+00	7.500e-01	2.500e-01	1.630e+01	6.969e+02	
6.000e-03	1.000e-02	0.000e+00	7.500e-01	4.500e-01	1.570e+01	7.053e+02	
6.000e-03	1.000e-02	0.000e+00	1.000e+00	0.000e+00	2.603e+02	1.482e+04	
6.000e-03	1.000e-02	0.000e+00	1.000e+00	1.000e-01	1.412e+01	5.970e+02	
6.000e-03	1.000e-02	0.000e+00	1.000e+00	2.500e-01	1.173e+01	4.981e+02	
6.000e-03	1.000e-02	0.000e+00	1.000e+00	4.500e-01	1.138e+01	4.970e+02	
6.000e-03	1.000e-01	0.000e+00	2.500e-01	0.000e+00	1.780e+02	3.271e+04	
6.000e-03	1.000e-01	0.000e+00	2.500e-01	1.000e-01	4.819e+01	1.212e+04	
6.000e-03	1.000e-01	0.000e+00	2.500e-01	2.500e-01	9.947e+00	2.863e+03	
6.000e-03	1.000e-01	0.000e+00	2.500e-01	4.500e-01	3.723e+00	1.016e+03	
6.000e-03	1.000e-01	0.000e+00	5.000e-01	0.000e+00	1.369e+02	1.413e+04	
6.000e-03	1.000e-01	0.000e+00	5.000e-01	1.000e-01	2.871e+01	5.247e+03	
6.000e-03	1.000e-01	0.000e+00	5.000e-01	2.500e-01	7.088e+00	1.630e+03	
6.000e-03	1.000e-01	0.000e+00	5.000e-01	4.500e-01	2.662e+00	7.145e+02	
6.000e-03	1.000e-01	0.000e+00	7.500e-01	0.000e+00	1.062e+02	7.909e+03	
6.000e-03	1.000e-01	0.000e+00	7.500e-01	1.000e-01	2.063e+01	2.478e+03	
6.000e-03	1.000e-01	0.000e+00	7.500e-01	2.500e-01	5.294e+00	9.888e+02	
6.000e-03	1.000e-01	0.000e+00	7.500e-01	4.500e-01	2.022e+00	4.912e+02	
6.000e-03	1.000e-01	0.000e+00	1.000e+00	0.000e+00	8.474e+01	5.324e+03	
6.000e-03	1.000e-01	0.000e+00	1.000e+00	1.000e-01	1.590e+01	1.347e+03	
6.000e-03	1.000e-01	0.000e+00	1.000e+00	2.500e-01	4.067e+00	5.290e+02	
6.000e-03	1.000e-01	0.000e+00	1.000e+00	4.500e-01	1.521e+00	2.727e+02	
4.000e-02	1.000e-02	0.000e+00	2.500e-01	0.000e+00	1.311e+03	1.445e+05	
4.000e-02	1.000e-02	0.000e+00	2.500e-01	1.000e-01	2.475e+02	5.499e+04	
4.000e-02	1.000e-02	0.000e+00	2.500e-01	2.500e-01	5.843e+01	1.211e+04	
4.000e-02	1.000e-02	0.000e+00	2.500e-01	4.500e-01	2.058e+01	5.209e+03	
4.000e-02	1.000e-02	0.000e+00	5.000e-01	0.000e+00	9.158e+02	4.832e+04	
4.000e-02	1.000e-02	0.000e+00	5.000e-01	1.000e-01	1.704e+02	1.698e+04	
4.000e-02	1.000e-02	0.000e+00	5.000e-01	2.500e-01	4.993e+01	7.274e+03	
4.000e-02	1.000e-02	0.000e+00	5.000e-01	4.500e-01	1.828e+01	3.640e+03	
4.000e-02	1.000e-02	0.000e+00	7.500e-01	0.000e+00	4.477e+02	2.837e+04	
4.000e-02	1.000e-02	0.000e+00	7.500e-01	1.000e-01	1.031e+02	8.149e+03	
4.000e-02	1.000e-02	0.000e+00	7.500e-01	2.500e-01	3.741e+01	4.711e+03	
4.000e-02	1.000e-02	0.000e+00	7.500e-01	4.500e-01	1.511e+01	2.642e+03	
4.000e-02	1.000e-02	0.000e+00	1.000e+00	0.000e+00	1.015e+02	7.508e+03	
4.000e-02	1.000e-02	0.000e+00	1.000e+00	1.000e-01	2.866e+01	2.777e+03	
4.000e-02	1.000e-02	0.000e+00	1.000e+00	2.500e-01	1.249e+01	1.562e+03	
4.000e-02	1.000e-02	0.000e+00	1.000e+00	4.500e-01	6.019e+00	9.306e+02	
4.000e-02	1.000e-01	0.000e+00	2.500e-01	0.000e+00	4.871e+03	1.058e+06	
4.000e-02	1.000e-01	0.000e+00	2.500e-01	1.000e-01	1.759e+03	4.560e+05	
4.000e-02	1.000e-01	0.000e+00	2.500e-01	2.500e-01	4.160e+02	1.174e+05	
4.000e-02	1.000e-01	0.000e+00	2.500e-01	4.500e-01	1.506e+02	4.329e+04	
4.000e-02	1.000e-01	0.000e+00	5.000e-01	0.000e+00	3.592e+03	5.024e+05	
4.000e-02	1.000e-01	0.000e+00	5.000e-01	1.000e-01	1.031e+03	2.135e+05	
4.000e-02	1.000e-01	0.000e+00	5.000e-01	2.500e-01	2.952e+02	6.933e+04	
4.000e-02	1.000e-01	0.000e+00	5.000e-01	4.500e-01	1.153e+02	3.042e+04	
4.000e-02	1.000e-01	0.000e+00	7.500e-01	0.000e+00	2.620e+03	2.598e+05	
4.000e-02	1.000e-01	0.000e+00	7.500e-01	1.000e-01	7.256e+02	1.017e+05	
4.000e-02	1.000e-01	0.000e+00	7.500e-01	2.500e-01	2.167e+02	4.253e+04	
4.000e-02	1.000e-01	0.000e+00	7.500e-01	4.500e-01	8.655e+01	2.116e+04	
4.000e-02	1.000e-01	0.000e+00	1.000e+00	0.000e+00	1.995e+03	1.407e+05	
4.000e-02	1.000e-01	0.000e+00	1.000e+00	1.000e-01	5.491e+02	5.224e+04	
4.000e-02	1.000e-01	0.000e+00	1.000e+00	2.500e-01	1.636e+02	2.241e+04	
4.000e-02	1.000e-01	0.000e+00	1.000e+00	4.500e-01	6.414e+01	1.164e+04	
2.000e-03	1.000e-02	-1.000e-01	2.500e-01	0.000e+00	5.107e+00	7.776e+02	
2.000e-03	1.000e-02	-1.000e-01	2.500e-01	1.000e-01	1.117e+00	2.326e+02	
2.000e-03	1.000e-02	-1.000e-01	2.500e-01	2.500e-01	5.378e+00	8.846e+02	
2.000e-03	1.000e-02	-1.000e-01	2.500e-01	4.500e-01	2.356e+01	5.181e+03	
2.000e-03	1.000e-02	-1.000e-01	5.000e-01	0.000e+00	1.848e+00	1.281e+02	
2.000e-03	1.000e-02	-1.000e-01	5.000e-01	1.000e-01	1.352e+00	1.250e+02	
2.000e-03	1.000e-02	-1.000e-01	5.000e-01	2.500e-01	1.871e+01	2.179e+03	
2.000e-03	1.000e-02	-1.000e-01	5.000e-01	4.500e-01	3.984e+01	4.636e+03	
2.000e-03	1.000e-02	-1.000e-01	7.500e-01	0.000e+00	1.126e+00	4.698e+01	
2.000e-03	1.000e-02	-1.000e-01	7.500e-01	1.000e-01	1.727e+00	1.318e+02	
2.000e-03	1.000e-02	-1.000e-01	7.500e-01	2.500e-01	2.972e+02	6.912e+04	
2.000e-03	1.000e-02	-1.000e-01	7.500e-01	4.500e-01	9.544e+02	2.424e+05	
2.000e-03	1.000e-02	-1.000e-01	1.000e+00	0.000e+00	1.205e+00	3.005e+01	
2.000e-03	1.000e-02	-1.000e-01	1.000e+00	1.000e-01	2.437e+00	1.564e+02	
2.000e-03	1.000e-02	-1.000e-01	1.000e+00	2.500e-01	4.185e+02	5.737e+04	
2.000e-03	1.000e-02	-1.000e-01	1.000e+00	4.500e-01	1.612e+03	3.277e+05	
2.000e-03	1.000e-01	-1.000e-01	2.500e-01	0.000e+00	1.366e+01	3.056e+03	
2.000e-03	1.000e-01	-1.000e-01	2.500e-01	1.000e-01	5.379e+00	1.342e+03	
2.000e-03	1.000e-01	-1.000e-01	2.500e-01	2.500e-01	1.479e+00	3.111e+02	
2.000e-03	1.000e-01	-1.000e-01	2.500e-01	4.500e-01	2.642e+00	5.630e+02	
2.000e-03	1.000e-01	-1.000e-01	5.000e-01	0.000e+00	6.297e+00	1.124e+03	
2.000e-03	1.000e-01	-1.000e-01	5.000e-01	1.000e-01	3.205e+00	5.817e+02	
2.000e-03	1.000e-01	-1.000e-01	5.000e-01	2.500e-01	1.696e+00	3.994e+02	
2.000e-03	1.000e-01	-1.000e-01	5.000e-01	4.500e-01	4.891e+00	9.701e+02	
2.000e-03	1.000e-01	-1.000e-01	7.500e-01	0.000e+00	3.993e+00	4.531e+02	
2.000e-03	1.000e-01	-1.000e-01	7.500e-01	1.000e-01	2.304e+00	2.748e+02	
2.000e-03	1.000e-01	-1.000e-01	7.500e-01	2.500e-01	3.616e+00	8.229e+02	
2.000e-03	1.000e-01	-1.000e-01	7.500e-01	4.500e-01	1.232e+01	3.471e+03	
2.000e-03	1.000e-01	-1.000e-01	1.000e+00	0.000e+00	2.991e+00	2.265e+02	
2.000e-03	1.000e-01	-1.000e-01	1.000e+00	1.000e-01	1.777e+00	1.497e+02	
2.000e-03	1.000e-01	-1.000e-01	1.000e+00	2.500e-01	5.039e+00	7.453e+02	
2.000e-03	1.000e-01	-1.000e-01	1.000e+00	4.500e-01	1.825e+01	3.840e+03	
6.000e-03	1.000e-02	-1.000e-01	2.500e-01	0.000e+00	4.376e+01	6.867e+03	
6.000e-03	1.000e-02	-1.000e-01	2.500e-01	1.000e-01	7.971e+00	1.673e+03	
6.000e-03	1.000e-02	-1.000e-01	2.500e-01	2.500e-01	1.671e+00	2.746e+02	
6.000e-03	1.000e-02	-1.000e-01	2.500e-01	4.500e-01	2.620e+00	5.758e+02	
6.000e-03	1.000e-02	-1.000e-01	5.000e-01	0.000e+00	1.638e+01	1.141e+03	
6.000e-03	1.000e-02	-1.000e-01	5.000e-01	1.000e-01	6.568e+00	6.111e+02	
6.000e-03	1.000e-02	-1.000e-01	5.000e-01	2.500e-01	2.081e+00	2.419e+02	
6.000e-03	1.000e-02	-1.000e-01	5.000e-01	4.500e-01	4.429e+00	5.147e+02	
6.000e-03	1.000e-02	-1.000e-01	7.500e-01	0.000e+00	1.005e+01	4.189e+02	
6.000e-03	1.000e-02	-1.000e-01	7.500e-01	1.000e-01	5.087e+00	3.918e+02	
6.000e-03	1.000e-02	-1.000e-01	7.500e-01	2.500e-01	3.309e+01	7.704e+03	
6.000e-03	1.000e-02	-1.000e-01	7.500e-01	4.500e-01	1.062e+02	2.696e+04	
6.000e-03	1.000e-02	-1.000e-01	1.000e+00	0.000e+00	7.426e+00	1.842e+02	
6.000e-03	1.000e-02	-1.000e-01	1.000e+00	1.000e-01	3.528e+00	2.280e+02	
6.000e-03	1.000e-02	-1.000e-01	1.000e+00	2.500e-01	4.661e+01	6.398e+03	
6.000e-03	1.000e-02	-1.000e-01	1.000e+00	4.500e-01	1.793e+02	3.646e+04	
6.000e-03	1.000e-01	-1.000e-01	2.500e-01	0.000e+00	1.217e+02	2.729e+04	
6.000e-03	1.000e-01	-1.000e-01	2.500e-01	1.000e-01	4.819e+01	1.204e+04	
6.000e-03	1.000e-01	-1.000e-01	2.500e-01	2.500e-01	1.330e+01	2.794e+03	
6.000e-03	1.000e-01	-1.000e-01	2.500e-01	4.500e-01	3.405e+00	7.251e+02	
6.000e-03	1.000e-01	-1.000e-01	5.000e-01	0.000e+00	5.631e+01	1.008e+04	
6.000e-03	1.000e-01	-1.000e-01	5.000e-01	1.000e-01	2.871e+01	5.226e+03	
6.000e-03	1.000e-01	-1.000e-01	5.000e-01	2.500e-01	5.301e+00	1.247e+03	
6.000e-03	1.000e-01	-1.000e-01	5.000e-01	4.500e-01	1.839e+00	3.646e+02	
6.000e-03	1.000e-01	-1.000e-01	7.500e-01	0.000e+00	3.579e+01	4.070e+03	
6.000e-03	1.000e-01	-1.000e-01	7.500e-01	1.000e-01	2.063e+01	2.469e+03	
6.000e-03	1.000e-01	-1.000e-01	7.500e-01	2.500e-01	2.484e+00	5.657e+02	
6.000e-03	1.000e-01	-1.000e-01	7.500e-01	4.500e-01	1.370e+00	3.860e+02	
6.000e-03	1.000e-01	-1.000e-01	1.000e+00	0.000e+00	2.683e+01	2.036e+03	
6.000e-03	1.000e-01	-1.000e-01	1.000e+00	1.000e-01	1.590e+01	1.343e+03	
6.000e-03	1.000e-01	-1.000e-01	1.000e+00	2.500e-01	1.782e+00	2.639e+02	
6.000e-03	1.000e-01	-1.000e-01	1.000e+00	4.500e-01	2.030e+00	4.272e+02	
4.000e-02	1.000e-02	-1.000e-01	2.500e-01	0.000e+00	7.112e+02	1.415e+05	
4.000e-02	1.000e-02	-1.000e-01	2.500e-01	1.000e-01	2.475e+02	5.551e+04	
4.000e-02	1.000e-02	-1.000e-01	2.500e-01	2.500e-01	6.977e+01	1.079e+04	
4.000e-02	1.000e-02	-1.000e-01	2.500e-01	4.500e-01	1.649e+01	3.552e+03	
4.000e-02	1.000e-02	-1.000e-01	5.000e-01	0.000e+00	4.115e+02	3.385e+04	
4.000e-02	1.000e-02	-1.000e-01	5.000e-01	1.000e-01	1.704e+02	1.696e+04	
4.000e-02	1.000e-02	-1.000e-01	5.000e-01	2.500e-01	2.025e+01	2.122e+03	
4.000e-02	1.000e-02	-1.000e-01	5.000e-01	4.500e-01	9.774e+00	1.055e+03	
4.000e-02	1.000e-02	-1.000e-01	7.500e-01	0.000e+00	3.173e+02	1.189e+04	
4.000e-02	1.000e-02	-1.000e-01	7.500e-01	1.000e-01	1.031e+02	8.134e+03	
4.000e-02	1.000e-02	-1.000e-01	7.500e-01	2.500e-01	1.210e+00	2.928e+02	
4.000e-02	1.000e-02	-1.000e-01	7.500e-01	4.500e-01	2.510e+00	6.379e+02	
4.000e-02	1.000e-02	-1.000e-01	1.000e+00	0.000e+00	2.610e+02	4.934e+03	
4.000e-02	1.000e-02	-1.000e-01	1.000e+00	1.000e-01	2.866e+01	2.759e+03	
4.000e-02	1.000e-02	-1.000e-01	1.000e+00	2.500e-01	1.169e+00	1.700e+02	
4.000e-02	1.000e-02	-1.000e-01	1.000e+00	4.500e-01	4.232e+00	8.777e+02	
4.000e-02	1.000e-01	-1.000e-01	2.500e-01	0.000e+00	3.671e+03	8.638e+05	
4.000e-02	1.000e-01	-1.000e-01	2.500e-01	1.000e-01	1.759e+03	4.547e+05	
4.000e-02	1.000e-01	-1.000e-01	2.500e-01	2.500e-01	5.584e+02	1.120e+05	
4.000e-02	1.000e-01	-1.000e-01	2.500e-01	4.500e-01	1.477e+02	3.078e+04	
4.000e-02	1.000e-01	-1.000e-01	5.000e-01	0.000e+00	1.901e+03	3.801e+05	
4.000e-02	1.000e-01	-1.000e-01	5.000e-01	1.000e-01	1.031e+03	2.131e+05	
4.000e-02	1.000e-01	-1.000e-01	5.000e-01	2.500e-01	2.234e+02	5.006e+04	
4.000e-02	1.000e-01	-1.000e-01	5.000e-01	4.500e-01	7.945e+01	1.537e+04	
4.000e-02	1.000e-01	-1.000e-01	7.500e-01	0.000e+00	1.319e+03	1.657e+05	
4.000e-02	1.000e-01	-1.000e-01	7.500e-01	1.000e-01	7.256e+02	1.015e+05	
4.000e-02	1.000e-01	-1.000e-01	7.500e-01	2.500e-01	1.009e+02	2.383e+04	
4.000e-02	1.000e-01	-1.000e-01	7.500e-01	4.500e-01	3.119e+01	8.791e+03	
4.000e-02	1.000e-01	-1.000e-01	1.000e+00	0.000e+00	1.035e+03	8.709e+04	
4.000e-02	1.000e-01	-1.000e-01	1.000e+00	1.000e-01	5.491e+02	5.217e+04	
4.000e-02	1.000e-01	-1.000e-01	1.000e+00	2.500e-01	7.216e+01	1.122e+04	
4.000e-02	1.000e-01	-1.000e-01	1.000e+00	4.500e-01	2.100e+01	4.495e+03	
2.000e-03	1.000e-02	-2.500e-01	2.500e-01	0.000e+00	1.039e+00	1.162e+02	
2.000e-03	1.000e-02	-2.500e-01	2.500e-01	1.000e-01	2.462e+00	3.268e+02	
2.000e-03	1.000e-02	-2.500e-01	2.500e-01	2.500e-01	6.199e+00	1.282e+03	
2.000e-03	1.000e-02	-2.500e-01	2.500e-01	4.500e-01	1.718e+02	1.407e+04	
2.000e-03	1.000e-02	-2.500e-01	5.000e-01	0.000e+00	2.864e+00	4.004e+02	
2.000e-03	1.000e-02	-2.500e-01	5.000e-01	1.000e-01	2.267e+00	1.952e+02	
2.000e-03	1.000e-02	-2.500e-01	5.000e-01	2.500e-01	7.041e+00	1.010e+03	
2.000e-03	1.000e-02	-2.500e-01	5.000e-01	4.500e-01	8.674e+02	1.748e+05	
2.000e-03	1.000e-02	-2.500e-01	7.500e-01	0.000e+00	4.715e+00	6.617e+02	
2.000e-03	1.000e-02	-2.500e-01	7.500e-01	1.000e-01	5.287e+00	6.514e+02	
2.000e-03	1.000e-02	-2.500e-01	7.500e-01	2.500e-01	8.506e+00	1.032e+03	
2.000e-03	1.000e-02	-2.500e-01	7.500e-01	4.500e-01	1.804e+03	4.854e+05	
2.000e-03	1.000e-02	-2.500e-01	1.000e+00	0.000e+00	6.401e+00	8.419e+02	
2.000e-03	1.000e-02	-2.500e-01	1.000e+00	1.000e-01	6.410e+00	6.304e+02	
2.000e-03	1.000e-02	-2.500e-01	1.000e+00	2.500e-01	1.312e+01	1.131e+03	
2.000e-03	1.000e-02	-2.500e-01	1.000e+00	4.500e-01	2.526e+03	5.568e+05	
2.000e-03	1.000e-01	-2.500e-01	2.500e-01	0.000e+00	4.829e+00	4.896e+02	
2.000e-03	1.000e-01	-2.500e-01	2.500e-01	1.000e-01	9.257e+00	1.404e+03	
2.000e-03	1.000e-01	-2.500e-01	2.500e-01	2.500e-01	1.107e+00	3.071e+02	
2.000e-03	1.000e-01	-2.500e-01	2.500e-01	4.500e-01	3.400e+00	4.508e+02	
2.000e-03	1.000e-01	-2.500e-01	5.000e-01	0.000e+00	1.869e+00	3.197e+02	
2.000e-03	1.000e-01	-2.500e-01	5.000e-01	1.000e-01	1.798e+00	2.909e+02	
2.000e-03	1.000e-01	-2.500e-01	5.000e-01	2.500e-01	1.268e+00	2.877e+02	
2.000e-03	1.000e-01	-2.500e-01	5.000e-01	4.500e-01	9.730e+00	2.057e+03	
2.000e-03	1.000e-01	-2.500e-01	7.500e-01	0.000e+00	1.142e+00	2.209e+02	
2.000e-03	1.000e-01	-2.500e-01	7.500e-01	1.000e-01	1.018e+00	1.894e+02	
2.000e-03	1.000e-01	-2.500e-01	7.500e-01	2.500e-01	1.697e+00	3.141e+02	
2.000e-03	1.000e-01	-2.500e-01	7.500e-01	4.500e-01	1.914e+01	5.156e+03	
2.000e-03	1.000e-01	-2.500e-01	1.000e+00	0.000e+00	1.183e+00	2.223e+02	
2.000e-03	1.000e-01	-2.500e-01	1.000e+00	1.000e-01	1.212e+00	1.861e+02	
2.000e-03	1.000e-01	-2.500e-01	1.000e+00	2.500e-01	2.209e+00	2.846e+02	
2.000e-03	1.000e-01	-2.500e-01	1.000e+00	4.500e-01	2.674e+01	5.994e+03	
6.000e-03	1.000e-02	-2.500e-01	2.500e-01	0.000e+00	8.589e+00	9.650e+02	
6.000e-03	1.000e-02	-2.500e-01	2.500e-01	1.000e-01	2.165e+01	2.894e+03	
6.000e-03	1.000e-02	-2.500e-01	2.500e-01	2.500e-01	1.449e+00	2.999e+02	
6.000e-03	1.000e-02	-2.500e-01	2.500e-01	4.500e-01	1.915e+01	1.571e+03	
6.000e-03	1.000e-02	-2.500e-01	5.000e-01	0.000e+00	3.133e+00	4.387e+02	
6.000e-03	1.000e-02	-2.500e-01	5.000e-01	1.000e-01	3.983e+00	3.416e+02	
6.000e-03	1.000e-02	-2.500e-01	5.000e-01	2.500e-01	1.275e+00	1.830e+02	
6.000e-03	1.000e-02	-2.500e-01	5.000e-01	4.500e-01	9.645e+01	1.944e+04	
6.000e-03	1.000e-02	-2.500e-01	7.500e-01	0.000e+00	1.906e+00	2.678e+02	
6.000e-03	1.000e-02	-2.500e-01	7.500e-01	1.000e-01	1.700e+00	2.095e+02	
6.000e-03	1.000e-02	-2.500e-01	7.500e-01	2.500e-01	1.053e+00	1.281e+02	
6.000e-03	1.000e-02	-2.500e-01	7.500e-01	4.500e-01	2.006e+02	5.398e+04	
6.000e-03	1.000e-02	-2.500e-01	1.000e+00	0.000e+00	1.405e+00	1.849e+02	
6.000e-03	1.000e-02	-2.500e-01	1.000e+00	1.000e-01	1.403e+00	1.380e+02	
6.000e-03	1.000e-02	-2.500e-01	1.000e+00	2.500e-01	1.484e+00	1.286e+02	
6.000e-03	1.000e-02	-2.500e-01	1.000e+00	4.500e-01	2.809e+02	6.192e+04	
6.000e-03	1.000e-01	-2.500e-01	2.500e-01	0.000e+00	4.325e+01	4.395e+03	
6.000e-03	1.000e-01	-2.500e-01	2.500e-01	1.000e-01	8.258e+01	1.255e+04	
6.000e-03	1.000e-01	-2.500e-01	2.500e-01	2.500e-01	9.947e+00	2.761e+03	
6.000e-03	1.000e-01	-2.500e-01	2.500e-01	4.500e-01	2.645e+00	3.507e+02	
6.000e-03	1.000e-01	-2.500e-01	5.000e-01	0.000e+00	1.679e+01	2.874e+03	
6.000e-03	1.000e-01	-2.500e-01	5.000e-01	1.000e-01	1.619e+01	2.612e+03	
6.000e-03	1.000e-01	-2.500e-01	5.000e-01	2.500e-01	7.088e+00	1.609e+03	
6.000e-03	1.000e-01	-2.500e-01	5.000e-01	4.500e-01	1.082e+00	2.287e+02	
6.000e-03	1.000e-01	-2.500e-01	7.500e-01	0.000e+00	1.027e+01	1.987e+03	
6.000e-03	1.000e-01	-2.500e-01	7.500e-01	1.000e-01	9.149e+00	1.703e+03	
6.000e-03	1.000e-01	-2.500e-01	7.500e-01	2.500e-01	5.294e+00	9.808e+02	
6.000e-03	1.000e-01	-2.500e-01	7.500e-01	4.500e-01	2.128e+00	5.733e+02	
6.000e-03	1.000e-01	-2.500e-01	1.000e+00	0.000e+00	7.603e+00	1.429e+03	
6.000e-03	1.000e-01	-2.500e-01	1.000e+00	1.000e-01	7.423e+00	1.140e+03	
6.000e-03	1.000e-01	-2.500e-01	1.000e+00	2.500e-01	4.067e+00	5.248e+02	
6.000e-03	1.000e-01	-2.500e-01	1.000e+00	4.500e-01	2.973e+00	6.666e+02	
4.000e-02	1.000e-02	-2.500e-01	2.500e-01	0.000e+00	2.661e+02	3.527e+04	
4.000e-02	1.000e-02	-2.500e-01	2.500e-01	1.000e-01	4.501e+02	7.374e+04	
4.000e-02	1.000e-02	-2.500e-01	2.500e-01	2.500e-01	5.865e+01	1.227e+04	
4.000e-02	1.000e-02	-2.500e-01	2.500e-01	4.500e-01	2.024e+00	1.765e+02	
4.000e-02	1.000e-02	-2.500e-01	5.000e-01	0.000e+00	1.230e+02	1.845e+04	
4.000e-02	1.000e-02	-2.500e-01	5.000e-01	1.000e-01	1.872e+02	1.400e+04	
4.000e-02	1.000e-02	-2.500e-01	5.000e-01	2.500e-01	4.993e+01	7.265e+03	
4.000e-02	1.000e-02	-2.500e-01	5.000e-01	4.500e-01	2.252e+00	4.526e+02	
4.000e-02	1.000e-02	-2.500e-01	7.500e-01	0.000e+00	7.927e+01	1.153e+04	
4.000e-02	1.000e-02	-2.500e-01	7.500e-01	1.000e-01	7.117e+01	8.788e+03	
4.000e-02	1.000e-02	-2.500e-01	7.500e-01	2.500e-01	3.741e+01	4.696e+03	
4.000e-02	1.000e-02	-2.500e-01	7.500e-01	4.500e-01	4.663e+00	1.259e+03	
4.000e-02	1.000e-02	-2.500e-01	1.000e+00	0.000e+00	5.978e+01	8.054e+03	
4.000e-02	1.000e-02	-2.500e-01	1.000e+00	1.000e-01	5.970e+01	5.841e+03	
4.000e-02	1.000e-02	-2.500e-01	1.000e+00	2.500e-01	1.249e+01	1.544e+03	
4.000e-02	1.000e-02	-2.500e-01	1.000e+00	4.500e-01	6.537e+00	1.460e+03	
4.000e-02	1.000e-01	-2.500e-01	2.500e-01	0.000e+00	1.552e+03	1.747e+05	
4.000e-02	1.000e-01	-2.500e-01	2.500e-01	1.000e-01	2.555e+03	4.198e+05	
4.000e-02	1.000e-01	-2.500e-01	2.500e-01	2.500e-01	4.160e+02	1.157e+05	
4.000e-02	1.000e-01	-2.500e-01	2.500e-01	4.500e-01	1.117e+02	1.482e+04	
4.000e-02	1.000e-01	-2.500e-01	5.000e-01	0.000e+00	6.849e+02	1.222e+05	
4.000e-02	1.000e-01	-2.500e-01	5.000e-01	1.000e-01	7.281e+02	1.054e+05	
4.000e-02	1.000e-01	-2.500e-01	5.000e-01	2.500e-01	2.952e+02	6.900e+04	
4.000e-02	1.000e-01	-2.500e-01	5.000e-01	4.500e-01	3.976e+01	8.356e+03	
4.000e-02	1.000e-01	-2.500e-01	7.500e-01	0.000e+00	4.353e+02	8.600e+04	
4.000e-02	1.000e-01	-2.500e-01	7.500e-01	1.000e-01	3.890e+02	7.357e+04	
4.000e-02	1.000e-01	-2.500e-01	7.500e-01	2.500e-01	2.167e+02	4.241e+04	
4.000e-02	1.000e-01	-2.500e-01	7.500e-01	4.500e-01	2.024e+01	5.469e+03	
4.000e-02	1.000e-01	-2.500e-01	1.000e+00	0.000e+00	3.273e+02	6.230e+04	
4.000e-02	1.000e-01	-2.500e-01	1.000e+00	1.000e-01	3.189e+02	4.933e+04	
4.000e-02	1.000e-01	-2.500e-01	1.000e+00	2.500e-01	1.636e+02	2.234e+04	
4.000e-02	1.000e-01	-2.500e-01	1.000e+00	4.500e-01	1.448e+01	3.284e+03	
2.000e-03	1.000e-02	-4.500e-01	2.500e-01	0.000e+00	1.146e+03	1.054e+05	
2.000e-03	1.000e-02	-4.500e-01	2.500e-01	1.000e-01	9.912e+01	6.365e+03	
2.000e-03	1.000e-02	-4.500e-01	2.500e-01	2.500e-01	9.967e+00	1.810e+03	
2.000e-03	1.000e-02	-4.500e-01	2.500e-01	4.500e-01	1.901e+01	4.853e+03	
2.000e-03	1.000e-02	-4.500e-01	5.000e-01	0.000e+00	7.431e+02	5.804e+04	
2.000e-03	1.000e-02	-4.500e-01	5.000e-01	1.000e-01	5.376e+00	3.279e+02	
2.000e-03	1.000e-02	-4.500e-01	5.000e-01	2.500e-01	1.380e+01	2.649e+03	
2.000e-03	1.000e-02	-4.500e-01	5.000e-01	4.500e-01	2.094e+01	4.138e+03	
2.000e-03	1.000e-02	-4.500e-01	7.500e-01	0.000e+00	1.746e+02	9.288e+03	
2.000e-03	1.000e-02	-4.500e-01	7.500e-01	1.000e-01	8.855e+00	9.659e+02	
2.000e-03	1.000e-02	-4.500e-01	7.500e-01	2.500e-01	1.688e+01	3.048e+03	
2.000e-03	1.000e-02	-4.500e-01	7.500e-01	4.500e-01	2.435e+01	4.186e+03	
2.000e-03	1.000e-02	-4.500e-01	1.000e+00	0.000e+00	1.936e+01	1.465e+03	
2.000e-03	1.000e-02	-4.500e-01	1.000e+00	1.000e-01	1.203e+01	1.565e+03	
2.000e-03	1.000e-02	-4.500e-01	1.000e+00	2.500e-01	1.939e+01	3.125e+03	
2.000e-03	1.000e-02	-4.500e-01	1.000e+00	4.500e-01	3.973e+01	4.839e+03	
2.000e-03	1.000e-01	-4.500e-01	2.500e-01	0.000e+00	1.252e+01	1.180e+03	
2.000e-03	1.000e-01	-4.500e-01	2.500e-01	1.000e-01	1.661e+00	1.228e+02	
2.000e-03	1.000e-01	-4.500e-01	2.500e-01	2.500e-01	1.396e+00	2.240e+02	
2.000e-03	1.000e-01	-4.500e-01	2.500e-01	4.500e-01	2.595e+00	7.143e+02	
2.000e-03	1.000e-01	-4.500e-01	5.000e-01	0.000e+00	8.889e+00	7.391e+02	
2.000e-03	1.000e-01	-4.500e-01	5.000e-01	1.000e-01	1.124e+00	8.784e+01	
2.000e-03	1.000e-01	-4.500e-01	5.000e-01	2.500e-01	2.085e+00	4.442e+02	
2.000e-03	1.000e-01	-4.500e-01	5.000e-01	4.500e-01	3.379e+00	8.757e+02	
2.000e-03	1.000e-01	-4.500e-01	7.500e-01	0.000e+00	4.578e+00	3.231e+02	
2.000e-03	1.000e-01	-4.500e-01	7.500e-01	1.000e-01	1.486e+00	1.813e+02	
2.000e-03	1.000e-01	-4.500e-01	7.500e-01	2.500e-01	2.645e+00	5.875e+02	
2.000e-03	1.000e-01	-4.500e-01	7.500e-01	4.500e-01	4.447e+00	1.059e+03	
2.000e-03	1.000e-01	-4.500e-01	1.000e+00	0.000e+00	3.168e+00	2.649e+02	
2.000e-03	1.000e-01	-4.500e-01	1.000e+00	1.000e-01	2.011e+00	3.244e+02	
2.000e-03	1.000e-01	-4.500e-01	1.000e+00	2.500e-01	3.113e+00	6.526e+02	
2.000e-03	1.000e-01	-4.500e-01	1.000e+00	4.500e-01	5.911e+00	1.040e+03	
6.000e-03	1.000e-02	-4.500e-01	2.500e-01	0.000e+00	1.272e+02	1.170e+04	
6.000e-03	1.000e-02	-4.500e-01	2.500e-01	1.000e-01	1.095e+01	7.027e+02	
6.000e-03	1.000e-02	-4.500e-01	2.500e-01	2.500e-01	1.108e+00	2.014e+02	
6.000e-03	1.000e-02	-4.500e-01	2.500e-01	4.500e-01	2.113e+00	5.396e+02	
6.000e-03	1.000e-02	-4.500e-01	5.000e-01	0.000e+00	8.245e+01	6.438e+03	
6.000e-03	1.000e-02	-4.500e-01	5.000e-01	1.000e-01	1.672e+00	1.022e+02	
6.000e-03	1.000e-02	-4.500e-01	5.000e-01	2.500e-01	1.534e+00	2.946e+02	
6.000e-03	1.000e-02	-4.500e-01	5.000e-01	4.500e-01	2.329e+00	4.602e+02	
6.000e-03	1.000e-02	-4.500e-01	7.500e-01	0.000e+00	1.931e+01	1.026e+03	
6.000e-03	1.000e-02	-4.500e-01	7.500e-01	1.000e-01	1.016e+00	1.109e+02	
6.000e-03	1.000e-02	-4.500e-01	7.500e-01	2.500e-01	1.876e+00	3.389e+02	
6.000e-03	1.000e-02	-4.500e-01	7.500e-01	4.500e-01	2.710e+00	4.663e+02	
6.000e-03	1.000e-02	-4.500e-01	1.000e+00	0.000e+00	2.151e+00	1.629e+02	
6.000e-03	1.000e-02	-4.500e-01	1.000e+00	1.000e-01	1.337e+00	1.740e+02	
6.000e-03	1.000e-02	-4.500e-01	1.000e+00	2.500e-01	2.156e+00	3.473e+02	
6.000e-03	1.000e-02	-4.500e-01	1.000e+00	4.500e-01	4.457e+00	5.449e+02	
6.000e-03	1.000e-01	-4.500e-01	2.500e-01	0.000e+00	1.390e+00	1.309e+02	
6.000e-03	1.000e-01	-4.500e-01	2.500e-01	1.000e-01	5.429e+00	4.015e+02	
6.000e-03	1.000e-01	-4.500e-01	2.500e-01	2.500e-01	6.441e+00	1.034e+03	
6.000e-03	1.000e-01	-4.500e-01	2.500e-01	4.500e-01	3.467e+00	9.542e+02	
6.000e-03	1.000e-01	-4.500e-01	5.000e-01	0.000e+00	1.014e+00	8.427e+01	
6.000e-03	1.000e-01	-4.500e-01	5.000e-01	1.000e-01	8.008e+00	6.264e+02	
6.000e-03	1.000e-01	-4.500e-01	5.000e-01	2.500e-01	4.314e+00	9.190e+02	
6.000e-03	1.000e-01	-4.500e-01	5.000e-01	4.500e-01	2.662e+00	6.899e+02	
6.000e-03	1.000e-01	-4.500e-01	7.500e-01	0.000e+00	1.968e+00	1.389e+02	
6.000e-03	1.000e-01	-4.500e-01	7.500e-01	1.000e-01	6.054e+00	7.393e+02	
6.000e-03	1.000e-01	-4.500e-01	7.500e-01	2.500e-01	3.401e+00	7.556e+02	
6.000e-03	1.000e-01	-4.500e-01	7.500e-01	4.500e-01	2.022e+00	4.818e+02	
6.000e-03	1.000e-01	-4.500e-01	1.000e+00	0.000e+00	2.841e+00	2.377e+02	
6.000e-03	1.000e-01	-4.500e-01	1.000e+00	1.000e-01	4.475e+00	7.223e+02	
6.000e-03	1.000e-01	-4.500e-01	1.000e+00	2.500e-01	2.890e+00	6.060e+02	
6.000e-03	1.000e-01	-4.500e-01	1.000e+00	4.500e-01	1.521e+00	2.676e+02	
4.000e-02	1.000e-02	-4.500e-01	2.500e-01	0.000e+00	2.719e+00	2.468e+02	
4.000e-02	1.000e-02	-4.500e-01	2.500e-01	1.000e-01	5.455e+00	3.295e+02	
4.000e-02	1.000e-02	-4.500e-01	2.500e-01	2.500e-01	3.845e+01	7.208e+03	
4.000e-02	1.000e-02	-4.500e-01	2.500e-01	4.500e-01	2.040e+01	5.200e+03	
4.000e-02	1.000e-02	-4.500e-01	5.000e-01	0.000e+00	1.725e+00	1.323e+02	
4.000e-02	1.000e-02	-4.500e-01	5.000e-01	1.000e-01	6.952e+01	4.789e+03	
4.000e-02	1.000e-02	-4.500e-01	5.000e-01	2.500e-01	2.824e+01	5.511e+03	
4.000e-02	1.000e-02	-4.500e-01	5.000e-01	4.500e-01	1.829e+01	3.614e+03	
4.000e-02	1.000e-02	-4.500e-01	7.500e-01	0.000e+00	2.965e+00	1.514e+02	
4.000e-02	1.000e-02	-4.500e-01	7.500e-01	1.000e-01	4.358e+01	4.947e+03	
4.000e-02	1.000e-02	-4.500e-01	7.500e-01	2.500e-01	2.325e+01	4.236e+03	
4.000e-02	1.000e-02	-4.500e-01	7.500e-01	4.500e-01	1.511e+01	2.626e+03	
4.000e-02	1.000e-02	-4.500e-01	1.000e+00	0.000e+00	2.037e+01	1.599e+03	
4.000e-02	1.000e-02	-4.500e-01	1.000e+00	1.000e-01	3.249e+01	4.322e+03	
4.000e-02	1.000e-02	-4.500e-01	1.000e+00	2.500e-01	2.033e+01	3.286e+03	
4.000e-02	1.000e-02	-4.500e-01	1.000e+00	4.500e-01	6.019e+00	9.150e+02	
4.000e-02	1.000e-01	-4.500e-01	2.500e-01	0.000e+00	3.340e+01	3.117e+03	
4.000e-02	1.000e-01	-4.500e-01	2.500e-01	1.000e-01	2.659e+02	1.953e+04	
4.000e-02	1.000e-01	-4.500e-01	2.500e-01	2.500e-01	2.768e+02	4.571e+04	
4.000e-02	1.000e-01	-4.500e-01	2.500e-01	4.500e-01	1.506e+02	4.144e+04	
4.000e-02	1.000e-01	-4.500e-01	5.000e-01	0.000e+00	4.744e+01	3.903e+03	
4.000e-02	1.000e-01	-4.500e-01	5.000e-01	1.000e-01	3.546e+02	2.893e+04	
4.000e-02	1.000e-01	-4.500e-01	5.000e-01	2.500e-01	1.877e+02	4.051e+04	
4.000e-02	1.000e-01	-4.500e-01	5.000e-01	4.500e-01	1.153e+02	3.008e+04	
4.000e-02	1.000e-01	-4.500e-01	7.500e-01	0.000e+00	9.192e+01	6.489e+03	
4.000e-02	1.000e-01	-4.500e-01	7.500e-01	1.000e-01	2.620e+02	3.316e+04	
4.000e-02	1.000e-01	-4.500e-01	7.500e-01	2.500e-01	1.489e+02	3.328e+04	
4.000e-02	1.000e-01	-4.500e-01	7.500e-01	4.500e-01	8.655e+01	2.104e+04	
4.000e-02	1.000e-01	-4.500e-01	1.000e+00	0.000e+00	1.259e+02	1.080e+04	
4.000e-02	1.000e-01	-4.500e-01	1.000e+00	1.000e-01	1.954e+02	3.212e+04	
4.000e-02	1.000e-01	-4.500e-01	1.000e+00	2.500e-01	1.269e+02	2.668e+04	
4.000e-02	1.000e-01	-4.500e-01	1.000e+00	4.500e-01	6.414e+01	1.158e+04	

Time spent 3751.704862 seconds. 
 
