2.000e-03	1.000e-02	0.000e+00	2.500e-01	0.000e+00	5.485e+01	1.036e+03	
2.000e-03	1.000e-02	0.000e+00	2.500e-01	1.000e-01	4.288e+00	1.429e+02	
2.000e-03	1.000e-02	0.000e+00	2.500e-01	2.500e-01	4.105e+00	1.603e+02	
2.000e-03	1.000e-02	0.000e+00	2.500e-01	4.500e-01	4.073e+00	1.637e+02	
2.000e-03	1.000e-02	0.000e+00	5.000e-01	0.000e+00	4.168e+01	1.246e+03	
2.000e-03	1.000e-02	0.000e+00	5.000e-01	1.000e-01	2.824e+00	9.995e+01	
2.000e-03	1.000e-02	0.000e+00	5.000e-01	2.500e-01	2.694e+00	1.112e+02	
2.000e-03	1.000e-02	0.000e+00	5.000e-01	4.500e-01	2.669e+00	1.137e+02	
2.000e-03	1.000e-02	0.000e+00	7.500e-01	0.000e+00	3.176e+01	1.093e+03	
2.000e-03	1.000e-02	0.000e+00	7.500e-01	1.000e-01	2.007e+00	6.974e+01	
2.000e-03	1.000e-02	0.000e+00	7.500e-01	2.500e-01	1.863e+00	7.589e+01	
2.000e-03	1.000e-02	0.000e+00	7.500e-01	4.500e-01	1.834e+00	7.749e+01	
2.000e-03	1.000e-02	0.000e+00	1.000e+00	0.000e+00	2.509e+01	9.569e+02	
2.000e-03	1.000e-02	0.000e+00	1.000e+00	1.000e-01	1.603e+00	5.850e+01	
2.000e-03	1.000e-02	0.000e+00	1.000e+00	2.500e-01	1.514e+00	6.111e+01	
2.000e-03	1.000e-02	0.000e+00	1.000e+00	4.500e-01	1.497e+00	6.188e+01	
2.000e-03	1.000e-01	0.000e+00	2.500e-01	0.000e+00	6.366e+00	1.013e+03	
2.000e-03	1.000e-01	0.000e+00	2.500e-01	1.000e-01	1.709e+00	3.793e+02	
2.000e-03	1.000e-01	0.000e+00	2.500e-01	2.500e-01	2.844e+00	7.040e+02	
2.000e-03	1.000e-01	0.000e+00	2.500e-01	4.500e-01	7.464e+00	1.549e+03	
2.000e-03	1.000e-01	0.000e+00	5.000e-01	0.000e+00	4.901e+00	3.853e+02	
2.000e-03	1.000e-01	0.000e+00	5.000e-01	1.000e-01	1.018e+00	1.561e+02	
2.000e-03	1.000e-01	0.000e+00	5.000e-01	2.500e-01	3.991e+00	7.980e+02	
2.000e-03	1.000e-01	0.000e+00	5.000e-01	4.500e-01	1.064e+01	2.484e+03	
2.000e-03	1.000e-01	0.000e+00	7.500e-01	0.000e+00	3.807e+00	1.522e+02	
2.000e-03	1.000e-01	0.000e+00	7.500e-01	1.000e-01	1.366e+00	1.181e+02	
2.000e-03	1.000e-01	0.000e+00	7.500e-01	2.500e-01	5.342e+00	8.307e+02	
2.000e-03	1.000e-01	0.000e+00	7.500e-01	4.500e-01	1.400e+01	2.930e+03	
2.000e-03	1.000e-01	0.000e+00	1.000e+00	0.000e+00	3.041e+00	5.423e+01	
2.000e-03	1.000e-01	0.000e+00	1.000e+00	1.000e-01	1.771e+00	7.871e+01	
2.000e-03	1.000e-01	0.000e+00	1.000e+00	2.500e-01	6.951e+00	6.663e+02	
2.000e-03	1.000e-01	0.000e+00	1.000e+00	4.500e-01	1.861e+01	2.706e+03	
6.000e-03	1.000e-02	0.000e+00	2.500e-01	0.000e+00	2.340e+02	2.462e+03	
6.000e-03	1.000e-02	0.000e+00	2.500e-01	1.000e-01	1.646e+01	4.145e+02	
6.000e-03	1.000e-02	0.000e+00	2.500e-01	2.500e-01	1.447e+01	4.969e+02	
6.000e-03	1.000e-02	0.000e+00	2.500e-01	4.500e-01	1.412e+01	5.211e+02	
6.000e-03	1.000e-02	0.000e+00	5.000e-01	0.000e+00	1.673e+02	3.370e+03	
6.000e-03	1.000e-02	0.000e+00	5.000e-01	1.000e-01	9.188e+00	2.307e+02	
6.000e-03	1.000e-02	0.000e+00	5.000e-01	2.500e-01	7.801e+00	2.904e+02	
6.000e-03	1.000e-02	0.000e+00	5.000e-01	4.500e-01	7.554e+00	3.093e+02	
6.000e-03	1.000e-02	0.000e+00	7.500e-01	0.000e+00	1.146e+02	3.001e+03	
6.000e-03	1.000e-02	0.000e+00	7.500e-01	1.000e-01	6.198e+00	1.432e+02	
6.000e-03	1.000e-02	0.000e+00	7.500e-01	2.500e-01	5.180e+00	1.846e+02	
6.000e-03	1.000e-02	0.000e+00	7.500e-01	4.500e-01	4.989e+00	1.996e+02	
6.000e-03	1.000e-02	0.000e+00	1.000e+00	0.000e+00	8.270e+01	2.748e+03	
6.000e-03	1.000e-02	0.000e+00	1.000e+00	1.000e-01	4.485e+00	1.239e+02	
6.000e-03	1.000e-02	0.000e+00	1.000e+00	2.500e-01	3.727e+00	1.380e+02	
6.000e-03	1.000e-02	0.000e+00	1.000e+00	4.500e-01	3.614e+00	1.456e+02	
6.000e-03	1.000e-01	0.000e+00	2.500e-01	0.000e+00	5.656e+01	9.060e+03	
6.000e-03	1.000e-01	0.000e+00	2.500e-01	1.000e-01	1.531e+01	3.402e+03	
6.000e-03	1.000e-01	0.000e+00	2.500e-01	2.500e-01	3.160e+00	7.822e+02	
6.000e-03	1.000e-01	0.000e+00	2.500e-01	4.500e-01	1.183e+00	2.553e+02	
6.000e-03	1.000e-01	0.000e+00	5.000e-01	0.000e+00	4.349e+01	3.467e+03	
6.000e-03	1.000e-01	0.000e+00	5.000e-01	1.000e-01	9.121e+00	1.403e+03	
6.000e-03	1.000e-01	0.000e+00	5.000e-01	2.500e-01	2.252e+00	4.506e+02	
6.000e-03	1.000e-01	0.000e+00	5.000e-01	4.500e-01	1.182e+00	2.759e+02	
6.000e-03	1.000e-01	0.000e+00	7.500e-01	0.000e+00	3.373e+01	1.376e+03	
6.000e-03	1.000e-01	0.000e+00	7.500e-01	1.000e-01	6.555e+00	5.699e+02	
6.000e-03	1.000e-01	0.000e+00	7.500e-01	2.500e-01	1.682e+00	2.619e+02	
6.000e-03	1.000e-01	0.000e+00	7.500e-01	4.500e-01	1.556e+00	3.258e+02	
6.000e-03	1.000e-01	0.000e+00	1.000e+00	0.000e+00	2.693e+01	4.906e+02	
6.000e-03	1.000e-01	0.000e+00	1.000e+00	1.000e-01	5.053e+00	2.259e+02	
6.000e-03	1.000e-01	0.000e+00	1.000e+00	2.500e-01	1.292e+00	1.240e+02	
6.000e-03	1.000e-01	0.000e+00	1.000e+00	4.500e-01	2.069e+00	3.010e+02	
4.000e-02	1.000e-02	0.000e+00	2.500e-01	0.000e+00	4.166e+02	5.361e+04	
4.000e-02	1.000e-02	0.000e+00	2.500e-01	1.000e-01	7.863e+01	1.388e+04	
4.000e-02	1.000e-02	0.000e+00	2.500e-01	2.500e-01	1.856e+01	2.950e+03	
4.000e-02	1.000e-02	0.000e+00	2.500e-01	4.500e-01	6.539e+00	1.286e+03	
4.000e-02	1.000e-02	0.000e+00	5.000e-01	0.000e+00	2.910e+02	2.175e+04	
4.000e-02	1.000e-02	0.000e+00	5.000e-01	1.000e-01	5.415e+01	4.035e+03	
4.000e-02	1.000e-02	0.000e+00	5.000e-01	2.500e-01	1.586e+01	1.619e+03	
4.000e-02	1.000e-02	0.000e+00	5.000e-01	4.500e-01	5.810e+00	8.638e+02	
4.000e-02	1.000e-02	0.000e+00	7.500e-01	0.000e+00	1.423e+02	1.065e+04	
4.000e-02	1.000e-02	0.000e+00	7.500e-01	1.000e-01	3.275e+01	2.338e+03	
4.000e-02	1.000e-02	0.000e+00	7.500e-01	2.500e-01	1.189e+01	1.130e+03	
4.000e-02	1.000e-02	0.000e+00	7.500e-01	4.500e-01	4.802e+00	6.418e+02	
4.000e-02	1.000e-02	0.000e+00	1.000e+00	0.000e+00	3.225e+01	1.059e+03	
4.000e-02	1.000e-02	0.000e+00	1.000e+00	1.000e-01	9.107e+00	4.140e+02	
4.000e-02	1.000e-02	0.000e+00	1.000e+00	2.500e-01	3.970e+00	2.826e+02	
4.000e-02	1.000e-02	0.000e+00	1.000e+00	4.500e-01	1.912e+00	1.888e+02	
4.000e-02	1.000e-01	0.000e+00	2.500e-01	0.000e+00	1.548e+03	3.077e+05	
4.000e-02	1.000e-01	0.000e+00	2.500e-01	1.000e-01	5.590e+02	1.283e+05	
4.000e-02	1.000e-01	0.000e+00	2.500e-01	2.500e-01	1.322e+02	3.278e+04	
4.000e-02	1.000e-01	0.000e+00	2.500e-01	4.500e-01	4.786e+01	1.171e+04	
4.000e-02	1.000e-01	0.000e+00	5.000e-01	0.000e+00	1.141e+03	1.441e+05	
4.000e-02	1.000e-01	0.000e+00	5.000e-01	1.000e-01	3.277e+02	5.865e+04	
4.000e-02	1.000e-01	0.000e+00	5.000e-01	2.500e-01	9.380e+01	1.933e+04	
4.000e-02	1.000e-01	0.000e+00	5.000e-01	4.500e-01	3.663e+01	8.506e+03	
4.000e-02	1.000e-01	0.000e+00	7.500e-01	0.000e+00	8.324e+02	6.625e+04	
4.000e-02	1.000e-01	0.000e+00	7.500e-01	1.000e-01	2.305e+02	2.523e+04	
4.000e-02	1.000e-01	0.000e+00	7.500e-01	2.500e-01	6.885e+01	1.139e+04	
4.000e-02	1.000e-01	0.000e+00	7.500e-01	4.500e-01	2.750e+01	5.829e+03	
4.000e-02	1.000e-01	0.000e+00	1.000e+00	0.000e+00	6.338e+02	2.568e+04	
4.000e-02	1.000e-01	0.000e+00	1.000e+00	1.000e-01	1.744e+02	1.021e+04	
4.000e-02	1.000e-01	0.000e+00	1.000e+00	2.500e-01	5.199e+01	5.363e+03	
4.000e-02	1.000e-01	0.000e+00	1.000e+00	4.500e-01	2.038e+01	3.016e+03	
2.000e-03	1.000e-02	-1.000e-01	2.500e-01	0.000e+00	1.623e+00	2.291e+02	
2.000e-03	1.000e-02	-1.000e-01	2.500e-01	1.000e-01	3.515e+00	4.951e+02	
2.000e-03	1.000e-02	-1.000e-01	2.500e-01	2.500e-01	1.693e+01	2.290e+03	
2.000e-03	1.000e-02	-1.000e-01	2.500e-01	4.500e-01	7.416e+01	1.341e+04	
2.000e-03	1.000e-02	-1.000e-01	5.000e-01	0.000e+00	1.703e+00	1.444e+02	
2.000e-03	1.000e-02	-1.000e-01	5.000e-01	1.000e-01	4.255e+00	1.561e+02	
2.000e-03	1.000e-02	-1.000e-01	5.000e-01	2.500e-01	5.888e+01	5.877e+03	
2.000e-03	1.000e-02	-1.000e-01	5.000e-01	4.500e-01	1.254e+02	1.268e+04	
2.000e-03	1.000e-02	-1.000e-01	7.500e-01	0.000e+00	2.796e+00	1.871e+02	
2.000e-03	1.000e-02	-1.000e-01	7.500e-01	1.000e-01	5.437e+00	1.195e+02	
2.000e-03	1.000e-02	-1.000e-01	7.500e-01	2.500e-01	9.352e+02	1.839e+05	
2.000e-03	1.000e-02	-1.000e-01	7.500e-01	4.500e-01	3.004e+03	6.648e+05	
2.000e-03	1.000e-02	-1.000e-01	1.000e+00	0.000e+00	3.793e+00	2.044e+02	
2.000e-03	1.000e-02	-1.000e-01	1.000e+00	1.000e-01	7.670e+00	1.113e+02	
2.000e-03	1.000e-02	-1.000e-01	1.000e+00	2.500e-01	1.317e+03	1.331e+05	
2.000e-03	1.000e-02	-1.000e-01	1.000e+00	4.500e-01	5.075e+03	8.674e+05	
2.000e-03	1.000e-01	-1.000e-01	2.500e-01	0.000e+00	4.340e+00	8.617e+02	
2.000e-03	1.000e-01	-1.000e-01	2.500e-01	1.000e-01	1.709e+00	3.801e+02	
2.000e-03	1.000e-01	-1.000e-01	2.500e-01	2.500e-01	2.128e+00	3.862e+02	
2.000e-03	1.000e-01	-1.000e-01	2.500e-01	4.500e-01	8.316e+00	1.528e+03	
2.000e-03	1.000e-01	-1.000e-01	5.000e-01	0.000e+00	2.001e+00	3.456e+02	
2.000e-03	1.000e-01	-1.000e-01	5.000e-01	1.000e-01	1.018e+00	1.560e+02	
2.000e-03	1.000e-01	-1.000e-01	5.000e-01	2.500e-01	5.338e+00	1.093e+03	
2.000e-03	1.000e-01	-1.000e-01	5.000e-01	4.500e-01	1.539e+01	2.624e+03	
2.000e-03	1.000e-01	-1.000e-01	7.500e-01	0.000e+00	1.269e+00	1.569e+02	
2.000e-03	1.000e-01	-1.000e-01	7.500e-01	1.000e-01	1.366e+00	1.179e+02	
2.000e-03	1.000e-01	-1.000e-01	7.500e-01	2.500e-01	1.138e+01	2.217e+03	
2.000e-03	1.000e-01	-1.000e-01	7.500e-01	4.500e-01	3.878e+01	9.656e+03	
2.000e-03	1.000e-01	-1.000e-01	1.000e+00	0.000e+00	1.052e+00	9.623e+01	
2.000e-03	1.000e-01	-1.000e-01	1.000e+00	1.000e-01	1.771e+00	7.845e+01	
2.000e-03	1.000e-01	-1.000e-01	1.000e+00	2.500e-01	1.586e+01	1.817e+03	
2.000e-03	1.000e-01	-1.000e-01	1.000e+00	4.500e-01	5.744e+01	1.032e+04	
6.000e-03	1.000e-02	-1.000e-01	2.500e-01	0.000e+00	1.390e+01	2.025e+03	
6.000e-03	1.000e-02	-1.000e-01	2.500e-01	1.000e-01	2.533e+00	3.606e+02	
6.000e-03	1.000e-02	-1.000e-01	2.500e-01	2.500e-01	1.883e+00	2.545e+02	
6.000e-03	1.000e-02	-1.000e-01	2.500e-01	4.500e-01	8.245e+00	1.490e+03	
6.000e-03	1.000e-02	-1.000e-01	5.000e-01	0.000e+00	5.205e+00	4.442e+02	
6.000e-03	1.000e-02	-1.000e-01	5.000e-01	1.000e-01	2.087e+00	7.783e+01	
6.000e-03	1.000e-02	-1.000e-01	5.000e-01	2.500e-01	6.550e+00	6.526e+02	
6.000e-03	1.000e-02	-1.000e-01	5.000e-01	4.500e-01	1.394e+01	1.408e+03	
6.000e-03	1.000e-02	-1.000e-01	7.500e-01	0.000e+00	3.194e+00	2.140e+02	
6.000e-03	1.000e-02	-1.000e-01	7.500e-01	1.000e-01	1.616e+00	3.656e+01	
6.000e-03	1.000e-02	-1.000e-01	7.500e-01	2.500e-01	1.042e+02	2.051e+04	
6.000e-03	1.000e-02	-1.000e-01	7.500e-01	4.500e-01	3.341e+02	7.395e+04	
6.000e-03	1.000e-02	-1.000e-01	1.000e+00	0.000e+00	2.359e+00	1.271e+02	
6.000e-03	1.000e-02	-1.000e-01	1.000e+00	1.000e-01	1.121e+00	1.637e+01	
6.000e-03	1.000e-02	-1.000e-01	1.000e+00	2.500e-01	1.467e+02	1.485e+04	
6.000e-03	1.000e-02	-1.000e-01	1.000e+00	4.500e-01	5.644e+02	9.653e+04	
6.000e-03	1.000e-01	-1.000e-01	2.500e-01	0.000e+00	3.868e+01	7.696e+03	
6.000e-03	1.000e-01	-1.000e-01	2.500e-01	1.000e-01	1.531e+01	3.409e+03	
6.000e-03	1.000e-01	-1.000e-01	2.500e-01	2.500e-01	4.225e+00	7.663e+02	
6.000e-03	1.000e-01	-1.000e-01	2.500e-01	4.500e-01	1.082e+00	1.987e+02	
6.000e-03	1.000e-01	-1.000e-01	5.000e-01	0.000e+00	1.789e+01	3.098e+03	
6.000e-03	1.000e-01	-1.000e-01	5.000e-01	1.000e-01	9.121e+00	1.402e+03	
6.000e-03	1.000e-01	-1.000e-01	5.000e-01	2.500e-01	1.684e+00	3.446e+02	
6.000e-03	1.000e-01	-1.000e-01	5.000e-01	4.500e-01	1.711e+00	2.916e+02	
6.000e-03	1.000e-01	-1.000e-01	7.500e-01	0.000e+00	1.137e+01	1.408e+03	
6.000e-03	1.000e-01	-1.000e-01	7.500e-01	1.000e-01	6.555e+00	5.689e+02	
6.000e-03	1.000e-01	-1.000e-01	7.500e-01	2.500e-01	1.267e+00	2.471e+02	
6.000e-03	1.000e-01	-1.000e-01	7.500e-01	4.500e-01	4.313e+00	1.074e+03	
6.000e-03	1.000e-01	-1.000e-01	1.000e+00	0.000e+00	8.526e+00	7.801e+02	
6.000e-03	1.000e-01	-1.000e-01	1.000e+00	1.000e-01	5.053e+00	2.252e+02	
6.000e-03	1.000e-01	-1.000e-01	1.000e+00	2.500e-01	1.766e+00	2.026e+02	
6.000e-03	1.000e-01	-1.000e-01	1.000e+00	4.500e-01	6.388e+00	1.148e+03	
4.000e-02	1.000e-02	-1.000e-01	2.500e-01	0.000e+00	2.260e+02	4.354e+04	
4.000e-02	1.000e-02	-1.000e-01	2.500e-01	1.000e-01	7.863e+01	1.388e+04	
4.000e-02	1.000e-02	-1.000e-01	2.500e-01	2.500e-01	2.217e+01	2.824e+03	
4.000e-02	1.000e-02	-1.000e-01	2.500e-01	4.500e-01	5.238e+00	9.279e+02	
4.000e-02	1.000e-02	-1.000e-01	5.000e-01	0.000e+00	1.307e+02	1.398e+04	
4.000e-02	1.000e-02	-1.000e-01	5.000e-01	1.000e-01	5.415e+01	4.035e+03	
4.000e-02	1.000e-02	-1.000e-01	5.000e-01	2.500e-01	6.434e+00	5.829e+02	
4.000e-02	1.000e-02	-1.000e-01	5.000e-01	4.500e-01	3.105e+00	2.932e+02	
4.000e-02	1.000e-02	-1.000e-01	7.500e-01	0.000e+00	1.008e+02	7.031e+03	
4.000e-02	1.000e-02	-1.000e-01	7.500e-01	1.000e-01	3.275e+01	2.338e+03	
4.000e-02	1.000e-02	-1.000e-01	7.500e-01	2.500e-01	2.602e+00	5.395e+02	
4.000e-02	1.000e-02	-1.000e-01	7.500e-01	4.500e-01	7.899e+00	1.752e+03	
4.000e-02	1.000e-02	-1.000e-01	1.000e+00	0.000e+00	8.293e+01	4.223e+03	
4.000e-02	1.000e-02	-1.000e-01	1.000e+00	1.000e-01	9.107e+00	4.101e+02	
4.000e-02	1.000e-02	-1.000e-01	1.000e+00	2.500e-01	3.679e+00	4.089e+02	
4.000e-02	1.000e-02	-1.000e-01	1.000e+00	4.500e-01	1.332e+01	2.338e+03	
4.000e-02	1.000e-01	-1.000e-01	2.500e-01	0.000e+00	1.167e+03	2.453e+05	
4.000e-02	1.000e-01	-1.000e-01	2.500e-01	1.000e-01	5.590e+02	1.285e+05	
4.000e-02	1.000e-01	-1.000e-01	2.500e-01	2.500e-01	1.774e+02	3.056e+04	
4.000e-02	1.000e-01	-1.000e-01	2.500e-01	4.500e-01	4.693e+01	8.411e+03	
4.000e-02	1.000e-01	-1.000e-01	5.000e-01	0.000e+00	6.039e+02	1.158e+05	
4.000e-02	1.000e-01	-1.000e-01	5.000e-01	1.000e-01	3.277e+02	5.864e+04	
4.000e-02	1.000e-01	-1.000e-01	5.000e-01	2.500e-01	7.097e+01	1.381e+04	
4.000e-02	1.000e-01	-1.000e-01	5.000e-01	4.500e-01	2.524e+01	4.190e+03	
4.000e-02	1.000e-01	-1.000e-01	7.500e-01	0.000e+00	4.190e+02	5.518e+04	
4.000e-02	1.000e-01	-1.000e-01	7.500e-01	1.000e-01	2.305e+02	2.522e+04	
4.000e-02	1.000e-01	-1.000e-01	7.500e-01	2.500e-01	3.207e+01	6.546e+03	
4.000e-02	1.000e-01	-1.000e-01	7.500e-01	4.500e-01	9.910e+00	2.471e+03	
4.000e-02	1.000e-01	-1.000e-01	1.000e+00	0.000e+00	3.287e+02	3.105e+04	
4.000e-02	1.000e-01	-1.000e-01	1.000e+00	1.000e-01	1.744e+02	1.020e+04	
4.000e-02	1.000e-01	-1.000e-01	1.000e+00	2.500e-01	2.293e+01	2.834e+03	
4.000e-02	1.000e-01	-1.000e-01	1.000e+00	4.500e-01	6.673e+00	1.224e+03	
2.000e-03	1.000e-02	-2.500e-01	2.500e-01	0.000e+00	3.269e+00	3.284e+02	
2.000e-03	1.000e-02	-2.500e-01	2.500e-01	1.000e-01	1.278e+00	1.332e+02	
2.000e-03	1.000e-02	-2.500e-01	2.500e-01	2.500e-01	1.951e+01	2.951e+03	
2.000e-03	1.000e-02	-2.500e-01	2.500e-01	4.500e-01	5.407e+02	3.671e+04	
2.000e-03	1.000e-02	-2.500e-01	5.000e-01	0.000e+00	9.015e+00	1.029e+03	
2.000e-03	1.000e-02	-2.500e-01	5.000e-01	1.000e-01	7.135e+00	5.270e+02	
2.000e-03	1.000e-02	-2.500e-01	5.000e-01	2.500e-01	2.216e+01	2.003e+03	
2.000e-03	1.000e-02	-2.500e-01	5.000e-01	4.500e-01	2.730e+03	4.777e+05	
2.000e-03	1.000e-02	-2.500e-01	7.500e-01	0.000e+00	1.484e+01	1.641e+03	
2.000e-03	1.000e-02	-2.500e-01	7.500e-01	1.000e-01	1.664e+01	1.883e+03	
2.000e-03	1.000e-02	-2.500e-01	7.500e-01	2.500e-01	2.677e+01	1.863e+03	
2.000e-03	1.000e-02	-2.500e-01	7.500e-01	4.500e-01	5.678e+03	1.356e+06	
2.000e-03	1.000e-02	-2.500e-01	1.000e+00	0.000e+00	2.015e+01	2.073e+03	
2.000e-03	1.000e-02	-2.500e-01	1.000e+00	1.000e-01	2.017e+01	2.046e+03	
2.000e-03	1.000e-02	-2.500e-01	1.000e+00	2.500e-01	4.129e+01	1.350e+03	
2.000e-03	1.000e-02	-2.500e-01	1.000e+00	4.500e-01	7.951e+03	1.521e+06	
2.000e-03	1.000e-01	-2.500e-01	2.500e-01	0.000e+00	1.534e+00	1.329e+02	
2.000e-03	1.000e-01	-2.500e-01	2.500e-01	1.000e-01	2.941e+00	3.577e+02	
2.000e-03	1.000e-01	-2.500e-01	2.500e-01	2.500e-01	2.844e+00	7.071e+02	
2.000e-03	1.000e-01	-2.500e-01	2.500e-01	4.500e-01	1.070e+01	1.191e+03	
2.000e-03	1.000e-01	-2.500e-01	5.000e-01	0.000e+00	1.684e+00	2.389e+02	
2.000e-03	1.000e-01	-2.500e-01	5.000e-01	1.000e-01	1.751e+00	2.673e+02	
2.000e-03	1.000e-01	-2.500e-01	5.000e-01	2.500e-01	3.991e+00	7.961e+02	
2.000e-03	1.000e-01	-2.500e-01	5.000e-01	4.500e-01	3.062e+01	5.648e+03	
2.000e-03	1.000e-01	-2.500e-01	7.500e-01	0.000e+00	2.755e+00	4.360e+02	
2.000e-03	1.000e-01	-2.500e-01	7.500e-01	1.000e-01	3.093e+00	5.339e+02	
2.000e-03	1.000e-01	-2.500e-01	7.500e-01	2.500e-01	5.342e+00	8.277e+02	
2.000e-03	1.000e-01	-2.500e-01	7.500e-01	4.500e-01	6.025e+01	1.443e+04	
2.000e-03	1.000e-01	-2.500e-01	1.000e+00	0.000e+00	3.723e+00	5.762e+02	
2.000e-03	1.000e-01	-2.500e-01	1.000e+00	1.000e-01	3.813e+00	5.498e+02	
2.000e-03	1.000e-01	-2.500e-01	1.000e+00	2.500e-01	6.951e+00	6.625e+02	
2.000e-03	1.000e-01	-2.500e-01	1.000e+00	4.500e-01	8.416e+01	1.645e+04	
6.000e-03	1.000e-02	-2.500e-01	2.500e-01	0.000e+00	2.729e+00	2.752e+02	
6.000e-03	1.000e-02	-2.500e-01	2.500e-01	1.000e-01	6.880e+00	7.225e+02	
6.000e-03	1.000e-02	-2.500e-01	2.500e-01	2.500e-01	2.172e+00	3.289e+02	
6.000e-03	1.000e-02	-2.500e-01	2.500e-01	4.500e-01	6.026e+01	4.097e+03	
6.000e-03	1.000e-02	-2.500e-01	5.000e-01	0.000e+00	1.004e+00	1.148e+02	
6.000e-03	1.000e-02	-2.500e-01	5.000e-01	1.000e-01	1.266e+00	9.323e+01	
6.000e-03	1.000e-02	-2.500e-01	5.000e-01	2.500e-01	2.469e+00	2.237e+02	
6.000e-03	1.000e-02	-2.500e-01	5.000e-01	4.500e-01	3.036e+02	5.312e+04	
6.000e-03	1.000e-02	-2.500e-01	7.500e-01	0.000e+00	1.651e+00	1.828e+02	
6.000e-03	1.000e-02	-2.500e-01	7.500e-01	1.000e-01	1.851e+00	2.096e+02	
6.000e-03	1.000e-02	-2.500e-01	7.500e-01	2.500e-01	2.989e+00	2.093e+02	
6.000e-03	1.000e-02	-2.500e-01	7.500e-01	4.500e-01	6.313e+02	1.508e+05	
6.000e-03	1.000e-02	-2.500e-01	1.000e+00	0.000e+00	2.240e+00	2.307e+02	
6.000e-03	1.000e-02	-2.500e-01	1.000e+00	1.000e-01	2.244e+00	2.276e+02	
6.000e-03	1.000e-02	-2.500e-01	1.000e+00	2.500e-01	4.669e+00	1.549e+02	
6.000e-03	1.000e-02	-2.500e-01	1.000e+00	4.500e-01	8.841e+02	1.692e+05	
6.000e-03	1.000e-01	-2.500e-01	2.500e-01	0.000e+00	1.374e+01	1.192e+03	
6.000e-03	1.000e-01	-2.500e-01	2.500e-01	1.000e-01	2.624e+01	3.199e+03	
6.000e-03	1.000e-01	-2.500e-01	2.500e-01	2.500e-01	3.160e+00	7.858e+02	
6.000e-03	1.000e-01	-2.500e-01	2.500e-01	4.500e-01	1.190e+00	1.325e+02	
6.000e-03	1.000e-01	-2.500e-01	5.000e-01	0.000e+00	5.334e+00	7.572e+02	
6.000e-03	1.000e-01	-2.500e-01	5.000e-01	1.000e-01	5.144e+00	7.833e+02	
6.000e-03	1.000e-01	-2.500e-01	5.000e-01	2.500e-01	2.252e+00	4.496e+02	
6.000e-03	1.000e-01	-2.500e-01	5.000e-01	4.500e-01	3.405e+00	6.279e+02	
6.000e-03	1.000e-01	-2.500e-01	7.500e-01	0.000e+00	3.264e+00	5.168e+02	
6.000e-03	1.000e-01	-2.500e-01	7.500e-01	1.000e-01	2.907e+00	5.020e+02	
6.000e-03	1.000e-01	-2.500e-01	7.500e-01	2.500e-01	1.682e+00	2.610e+02	
6.000e-03	1.000e-01	-2.500e-01	7.500e-01	4.500e-01	6.698e+00	1.604e+03	
6.000e-03	1.000e-01	-2.500e-01	1.000e+00	0.000e+00	2.416e+00	3.740e+02	
6.000e-03	1.000e-01	-2.500e-01	1.000e+00	1.000e-01	2.359e+00	3.402e+02	
6.000e-03	1.000e-01	-2.500e-01	1.000e+00	2.500e-01	1.292e+00	1.233e+02	
6.000e-03	1.000e-01	-2.500e-01	1.000e+00	4.500e-01	9.358e+00	1.829e+03	
4.000e-02	1.000e-02	-2.500e-01	2.500e-01	0.000e+00	8.455e+01	9.791e+03	
4.000e-02	1.000e-02	-2.500e-01	2.500e-01	1.000e-01	1.430e+02	1.923e+04	
4.000e-02	1.000e-02	-2.500e-01	2.500e-01	2.500e-01	1.863e+01	2.949e+03	
4.000e-02	1.000e-02	-2.500e-01	2.500e-01	4.500e-01	1.555e+00	1.124e+02	
4.000e-02	1.000e-02	-2.500e-01	5.000e-01	0.000e+00	3.908e+01	4.745e+03	
4.000e-02	1.000e-02	-2.500e-01	5.000e-01	1.000e-01	5.948e+01	4.168e+03	
4.000e-02	1.000e-02	-2.500e-01	5.000e-01	2.500e-01	1.587e+01	1.617e+03	
4.000e-02	1.000e-02	-2.500e-01	5.000e-01	4.500e-01	7.088e+00	1.237e+03	
4.000e-02	1.000e-02	-2.500e-01	7.500e-01	0.000e+00	2.519e+01	2.891e+03	
4.000e-02	1.000e-02	-2.500e-01	7.500e-01	1.000e-01	2.261e+01	2.659e+03	
4.000e-02	1.000e-02	-2.500e-01	7.500e-01	2.500e-01	1.189e+01	1.128e+03	
4.000e-02	1.000e-02	-2.500e-01	7.500e-01	4.500e-01	1.467e+01	3.521e+03	
4.000e-02	1.000e-02	-2.500e-01	1.000e+00	0.000e+00	1.899e+01	2.009e+03	
4.000e-02	1.000e-02	-2.500e-01	1.000e+00	1.000e-01	1.897e+01	1.969e+03	
4.000e-02	1.000e-02	-2.500e-01	1.000e+00	2.500e-01	3.969e+00	2.783e+02	
4.000e-02	1.000e-02	-2.500e-01	1.000e+00	4.500e-01	2.057e+01	3.999e+03	
4.000e-02	1.000e-01	-2.500e-01	2.500e-01	0.000e+00	4.931e+02	4.684e+04	
4.000e-02	1.000e-01	-2.500e-01	2.500e-01	1.000e-01	8.119e+02	1.097e+05	
4.000e-02	1.000e-01	-2.500e-01	2.500e-01	2.500e-01	1.322e+02	3.292e+04	
4.000e-02	1.000e-01	-2.500e-01	2.500e-01	4.500e-01	3.548e+01	3.954e+03	
4.000e-02	1.000e-01	-2.500e-01	5.000e-01	0.000e+00	2.176e+02	3.214e+04	
4.000e-02	1.000e-01	-2.500e-01	5.000e-01	1.000e-01	2.313e+02	3.225e+04	
4.000e-02	1.000e-01	-2.500e-01	5.000e-01	2.500e-01	9.380e+01	1.932e+04	
4.000e-02	1.000e-01	-2.500e-01	5.000e-01	4.500e-01	1.263e+01	2.315e+03	
4.000e-02	1.000e-01	-2.500e-01	7.500e-01	0.000e+00	1.383e+02	2.244e+04	
4.000e-02	1.000e-01	-2.500e-01	7.500e-01	1.000e-01	1.236e+02	2.198e+04	
4.000e-02	1.000e-01	-2.500e-01	7.500e-01	2.500e-01	6.885e+01	1.138e+04	
4.000e-02	1.000e-01	-2.500e-01	7.500e-01	4.500e-01	6.432e+00	1.546e+03	
4.000e-02	1.000e-01	-2.500e-01	1.000e+00	0.000e+00	1.040e+02	1.639e+04	
4.000e-02	1.000e-01	-2.500e-01	1.000e+00	1.000e-01	1.013e+02	1.475e+04	
4.000e-02	1.000e-01	-2.500e-01	1.000e+00	2.500e-01	5.199e+01	5.354e+03	
4.000e-02	1.000e-01	-2.500e-01	1.000e+00	4.500e-01	4.599e+00	9.118e+02	
2.000e-03	1.000e-02	-4.500e-01	2.500e-01	0.000e+00	3.608e+03	2.769e+05	
2.000e-03	1.000e-02	-4.500e-01	2.500e-01	1.000e-01	3.120e+02	1.754e+04	
2.000e-03	1.000e-02	-4.500e-01	2.500e-01	2.500e-01	3.137e+01	4.718e+03	
2.000e-03	1.000e-02	-4.500e-01	2.500e-01	4.500e-01	5.982e+01	1.186e+04	
2.000e-03	1.000e-02	-4.500e-01	5.000e-01	0.000e+00	2.339e+03	1.544e+05	
2.000e-03	1.000e-02	-4.500e-01	5.000e-01	1.000e-01	1.692e+01	9.805e+02	
2.000e-03	1.000e-02	-4.500e-01	5.000e-01	2.500e-01	4.342e+01	6.732e+03	
2.000e-03	1.000e-02	-4.500e-01	5.000e-01	4.500e-01	6.592e+01	9.465e+03	
2.000e-03	1.000e-02	-4.500e-01	7.500e-01	0.000e+00	5.495e+02	2.648e+04	
2.000e-03	1.000e-02	-4.500e-01	7.500e-01	1.000e-01	2.787e+01	2.726e+03	
2.000e-03	1.000e-02	-4.500e-01	7.500e-01	2.500e-01	5.313e+01	7.724e+03	
2.000e-03	1.000e-02	-4.500e-01	7.500e-01	4.500e-01	7.664e+01	9.263e+03	
2.000e-03	1.000e-02	-4.500e-01	1.000e+00	0.000e+00	6.092e+01	4.300e+03	
2.000e-03	1.000e-02	-4.500e-01	1.000e+00	1.000e-01	3.785e+01	4.111e+03	
2.000e-03	1.000e-02	-4.500e-01	1.000e+00	2.500e-01	6.104e+01	8.170e+03	
2.000e-03	1.000e-02	-4.500e-01	1.000e+00	4.500e-01	1.250e+02	8.354e+03	
2.000e-03	1.000e-01	-4.500e-01	2.500e-01	0.000e+00	3.940e+01	3.096e+03	
2.000e-03	1.000e-01	-4.500e-01	2.500e-01	1.000e-01	5.228e+00	3.313e+02	
2.000e-03	1.000e-01	-4.500e-01	2.500e-01	2.500e-01	4.395e+00	5.843e+02	
2.000e-03	1.000e-01	-4.500e-01	2.500e-01	4.500e-01	8.168e+00	2.013e+03	
2.000e-03	1.000e-01	-4.500e-01	5.000e-01	0.000e+00	2.798e+01	1.955e+03	
2.000e-03	1.000e-01	-4.500e-01	5.000e-01	1.000e-01	3.537e+00	2.398e+02	
2.000e-03	1.000e-01	-4.500e-01	5.000e-01	2.500e-01	6.564e+00	1.165e+03	
2.000e-03	1.000e-01	-4.500e-01	5.000e-01	4.500e-01	1.064e+01	2.450e+03	
2.000e-03	1.000e-01	-4.500e-01	7.500e-01	0.000e+00	1.441e+01	8.769e+02	
2.000e-03	1.000e-01	-4.500e-01	7.500e-01	1.000e-01	4.676e+00	4.860e+02	
2.000e-03	1.000e-01	-4.500e-01	7.500e-01	2.500e-01	8.326e+00	1.564e+03	
2.000e-03	1.000e-01	-4.500e-01	7.500e-01	4.500e-01	1.400e+01	2.897e+03	
2.000e-03	1.000e-01	-4.500e-01	1.000e+00	0.000e+00	9.970e+00	7.258e+02	
2.000e-03	1.000e-01	-4.500e-01	1.000e+00	1.000e-01	6.328e+00	8.471e+02	
2.000e-03	1.000e-01	-4.500e-01	1.000e+00	2.500e-01	9.798e+00	1.784e+03	
2.000e-03	1.000e-01	-4.500e-01	1.000e+00	4.500e-01	1.861e+01	2.666e+03	
6.000e-03	1.000e-02	-4.500e-01	2.500e-01	0.000e+00	4.005e+02	3.073e+04	
6.000e-03	1.000e-02	-4.500e-01	2.500e-01	1.000e-01	3.448e+01	1.937e+03	
6.000e-03	1.000e-02	-4.500e-01	2.500e-01	2.500e-01	3.488e+00	5.250e+02	
6.000e-03	1.000e-02	-4.500e-01	2.500e-01	4.500e-01	6.650e+00	1.319e+03	
6.000e-03	1.000e-02	-4.500e-01	5.000e-01	0.000e+00	2.595e+02	1.712e+04	
6.000e-03	1.000e-02	-4.500e-01	5.000e-01	1.000e-01	1.883e+00	1.094e+02	
6.000e-03	1.000e-02	-4.500e-01	5.000e-01	2.500e-01	4.827e+00	7.487e+02	
6.000e-03	1.000e-02	-4.500e-01	5.000e-01	4.500e-01	7.330e+00	1.053e+03	
6.000e-03	1.000e-02	-4.500e-01	7.500e-01	0.000e+00	6.077e+01	2.926e+03	
6.000e-03	1.000e-02	-4.500e-01	7.500e-01	1.000e-01	3.099e+00	3.033e+02	
6.000e-03	1.000e-02	-4.500e-01	7.500e-01	2.500e-01	5.905e+00	8.587e+02	
6.000e-03	1.000e-02	-4.500e-01	7.500e-01	4.500e-01	8.530e+00	1.033e+03	
6.000e-03	1.000e-02	-4.500e-01	1.000e+00	0.000e+00	6.771e+00	4.783e+02	
6.000e-03	1.000e-02	-4.500e-01	1.000e+00	1.000e-01	4.208e+00	4.571e+02	
6.000e-03	1.000e-02	-4.500e-01	1.000e+00	2.500e-01	6.784e+00	9.083e+02	
6.000e-03	1.000e-02	-4.500e-01	1.000e+00	4.500e-01	1.403e+01	9.436e+02	
6.000e-03	1.000e-01	-4.500e-01	2.500e-01	0.000e+00	4.374e+00	3.436e+02	
6.000e-03	1.000e-01	-4.500e-01	2.500e-01	1.000e-01	1.725e+00	1.093e+02	
6.000e-03	1.000e-01	-4.500e-01	2.500e-01	2.500e-01	2.047e+00	2.722e+02	
6.000e-03	1.000e-01	-4.500e-01	2.500e-01	4.500e-01	1.101e+00	2.715e+02	
6.000e-03	1.000e-01	-4.500e-01	5.000e-01	0.000e+00	3.105e+00	2.170e+02	
6.000e-03	1.000e-01	-4.500e-01	5.000e-01	1.000e-01	2.544e+00	1.726e+02	
6.000e-03	1.000e-01	-4.500e-01	5.000e-01	2.500e-01	1.371e+00	2.434e+02	
6.000e-03	1.000e-01	-4.500e-01	5.000e-01	4.500e-01	1.182e+00	2.724e+02	
6.000e-03	1.000e-01	-4.500e-01	7.500e-01	0.000e+00	1.599e+00	9.734e+01	
6.000e-03	1.000e-01	-4.500e-01	7.500e-01	1.000e-01	1.923e+00	2.000e+02	
6.000e-03	1.000e-01	-4.500e-01	7.500e-01	2.500e-01	1.081e+00	2.030e+02	
6.000e-03	1.000e-01	-4.500e-01	7.500e-01	4.500e-01	1.556e+00	3.223e+02	
6.000e-03	1.000e-01	-4.500e-01	1.000e+00	0.000e+00	1.108e+00	8.069e+01	
6.000e-03	1.000e-01	-4.500e-01	1.000e+00	1.000e-01	1.422e+00	1.904e+02	
6.000e-03	1.000e-01	-4.500e-01	1.000e+00	2.500e-01	1.089e+00	1.983e+02	
6.000e-03	1.000e-01	-4.500e-01	1.000e+00	4.500e-01	2.069e+00	2.967e+02	
4.000e-02	1.000e-02	-4.500e-01	2.500e-01	0.000e+00	8.557e+00	6.487e+02	
4.000e-02	1.000e-02	-4.500e-01	2.500e-01	1.000e-01	1.733e+00	9.283e+01	
4.000e-02	1.000e-02	-4.500e-01	2.500e-01	2.500e-01	1.222e+01	1.891e+03	
4.000e-02	1.000e-02	-4.500e-01	2.500e-01	4.500e-01	6.480e+00	1.295e+03	
4.000e-02	1.000e-02	-4.500e-01	5.000e-01	0.000e+00	5.429e+00	3.525e+02	
4.000e-02	1.000e-02	-4.500e-01	5.000e-01	1.000e-01	2.209e+01	1.429e+03	
4.000e-02	1.000e-02	-4.500e-01	5.000e-01	2.500e-01	8.972e+00	1.414e+03	
4.000e-02	1.000e-02	-4.500e-01	5.000e-01	4.500e-01	5.810e+00	8.598e+02	
4.000e-02	1.000e-02	-4.500e-01	7.500e-01	0.000e+00	1.062e+00	4.964e+01	
4.000e-02	1.000e-02	-4.500e-01	7.500e-01	1.000e-01	1.385e+01	1.398e+03	
4.000e-02	1.000e-02	-4.500e-01	7.500e-01	2.500e-01	7.388e+00	1.087e+03	
4.000e-02	1.000e-02	-4.500e-01	7.500e-01	4.500e-01	4.802e+00	6.393e+02	
4.000e-02	1.000e-02	-4.500e-01	1.000e+00	0.000e+00	6.472e+00	4.726e+02	
4.000e-02	1.000e-02	-4.500e-01	1.000e+00	1.000e-01	1.032e+01	1.140e+03	
4.000e-02	1.000e-02	-4.500e-01	1.000e+00	2.500e-01	6.459e+00	8.736e+02	
4.000e-02	1.000e-02	-4.500e-01	1.000e+00	4.500e-01	1.912e+00	1.851e+02	
4.000e-02	1.000e-01	-4.500e-01	2.500e-01	0.000e+00	1.061e+01	8.261e+02	
4.000e-02	1.000e-01	-4.500e-01	2.500e-01	1.000e-01	8.448e+01	5.330e+03	
4.000e-02	1.000e-01	-4.500e-01	2.500e-01	2.500e-01	8.794e+01	1.203e+04	
4.000e-02	1.000e-01	-4.500e-01	2.500e-01	4.500e-01	4.786e+01	1.179e+04	
4.000e-02	1.000e-01	-4.500e-01	5.000e-01	0.000e+00	1.507e+01	1.044e+03	
4.000e-02	1.000e-01	-4.500e-01	5.000e-01	1.000e-01	1.127e+02	7.951e+03	
4.000e-02	1.000e-01	-4.500e-01	5.000e-01	2.500e-01	5.965e+01	1.075e+04	
4.000e-02	1.000e-01	-4.500e-01	5.000e-01	4.500e-01	3.663e+01	8.496e+03	
4.000e-02	1.000e-01	-4.500e-01	7.500e-01	0.000e+00	2.921e+01	1.780e+03	
4.000e-02	1.000e-01	-4.500e-01	7.500e-01	1.000e-01	8.324e+01	8.947e+03	
4.000e-02	1.000e-01	-4.500e-01	7.500e-01	2.500e-01	4.731e+01	8.972e+03	
4.000e-02	1.000e-01	-4.500e-01	7.500e-01	4.500e-01	2.750e+01	5.816e+03	
4.000e-02	1.000e-01	-4.500e-01	1.000e+00	0.000e+00	4.001e+01	2.983e+03	
4.000e-02	1.000e-01	-4.500e-01	1.000e+00	1.000e-01	6.208e+01	8.453e+03	
4.000e-02	1.000e-01	-4.500e-01	1.000e+00	2.500e-01	4.033e+01	7.399e+03	
4.000e-02	1.000e-01	-4.500e-01	1.000e+00	4.500e-01	2.038e+01	3.006e+03	

Time spent 6161.210402 seconds. 
 
