0.002	0.010	0.000	0.250	0.000	3.874e-05	6.252e-13	
0.002	0.010	0.000	0.250	0.100	3.874e-05	7.309e-14	
0.002	0.010	0.000	0.250	0.250	3.874e-05	7.275e-14	
0.002	0.010	0.000	0.250	0.450	3.874e-05	7.270e-14	
0.002	0.010	0.000	0.500	0.000	3.874e-05	2.580e-13	
0.002	0.010	0.000	0.500	0.100	3.874e-05	7.178e-14	
0.002	0.010	0.000	0.500	0.250	3.874e-05	7.168e-14	
0.002	0.010	0.000	0.500	0.450	3.874e-05	7.167e-14	
0.002	0.010	0.000	0.750	0.000	3.874e-05	1.504e-13	
0.002	0.010	0.000	0.750	0.100	3.874e-05	7.150e-14	
0.002	0.010	0.000	0.750	0.250	3.874e-05	7.146e-14	
0.002	0.010	0.000	0.750	0.450	3.874e-05	7.146e-14	
0.002	0.010	0.000	1.000	0.000	3.874e-05	1.071e-13	
0.002	0.010	0.000	1.000	0.100	3.874e-05	7.141e-14	
0.002	0.010	0.000	1.000	0.250	3.874e-05	7.139e-14	
0.002	0.010	0.000	1.000	0.450	3.874e-05	7.139e-14	
0.002	0.100	0.000	0.250	0.000	3.874e-05	1.292e-13	
0.002	0.100	0.000	0.250	0.100	3.874e-05	7.643e-14	
0.002	0.100	0.000	0.250	0.250	3.874e-05	7.158e-14	
0.002	0.100	0.000	0.250	0.450	3.874e-05	7.137e-14	
0.002	0.100	0.000	0.500	0.000	3.874e-05	9.402e-14	
0.002	0.100	0.000	0.500	0.100	3.874e-05	7.281e-14	
0.002	0.100	0.000	0.500	0.250	3.874e-05	7.144e-14	
0.002	0.100	0.000	0.500	0.450	3.874e-05	7.135e-14	
0.002	0.100	0.000	0.750	0.000	3.874e-05	8.143e-14	
0.002	0.100	0.000	0.750	0.100	3.874e-05	7.189e-14	
0.002	0.100	0.000	0.750	0.250	3.874e-05	7.139e-14	
0.002	0.100	0.000	0.750	0.450	3.874e-05	7.135e-14	
0.002	0.100	0.000	1.000	0.000	3.874e-05	7.613e-14	
0.002	0.100	0.000	1.000	0.100	3.874e-05	7.158e-14	
0.002	0.100	0.000	1.000	0.250	3.874e-05	7.136e-14	
0.002	0.100	0.000	1.000	0.450	3.874e-05	7.134e-14	
0.006	0.010	0.000	0.250	0.000	3.874e-05	1.430e-11	
0.006	0.010	0.000	0.250	0.100	3.874e-05	1.087e-13	
0.006	0.010	0.000	0.250	0.250	3.874e-05	9.163e-14	
0.006	0.010	0.000	0.250	0.450	3.874e-05	8.993e-14	
0.006	0.010	0.000	0.500	0.000	3.874e-05	4.553e-12	
0.006	0.010	0.000	0.500	0.100	3.874e-05	7.969e-14	
0.006	0.010	0.000	0.500	0.250	3.874e-05	7.502e-14	
0.006	0.010	0.000	0.500	0.450	3.874e-05	7.452e-14	
0.006	0.010	0.000	0.750	0.000	3.874e-05	1.745e-12	
0.006	0.010	0.000	0.750	0.100	3.874e-05	7.441e-14	
0.006	0.010	0.000	0.750	0.250	3.874e-05	7.249e-14	
0.006	0.010	0.000	0.750	0.450	3.874e-05	7.229e-14	
0.006	0.010	0.000	1.000	0.000	3.874e-05	6.907e-13	
0.006	0.010	0.000	1.000	0.100	3.874e-05	7.245e-14	
0.006	0.010	0.000	1.000	0.250	3.874e-05	7.180e-14	
0.006	0.010	0.000	1.000	0.450	3.874e-05	7.173e-14	
0.006	0.100	0.000	0.250	0.000	3.874e-05	4.654e-12	
0.006	0.100	0.000	0.250	0.100	3.874e-05	4.800e-13	
0.006	0.100	0.000	0.250	0.250	3.874e-05	9.063e-14	
0.006	0.100	0.000	0.250	0.450	3.874e-05	7.380e-14	
0.006	0.100	0.000	0.500	0.000	3.874e-05	1.869e-12	
0.006	0.100	0.000	0.500	0.100	3.874e-05	1.899e-13	
0.006	0.100	0.000	0.500	0.250	3.874e-05	7.985e-14	
0.006	0.100	0.000	0.500	0.450	3.874e-05	7.267e-14	
0.006	0.100	0.000	0.750	0.000	3.874e-05	8.700e-13	
0.006	0.100	0.000	0.750	0.100	3.874e-05	1.156e-13	
0.006	0.100	0.000	0.750	0.250	3.874e-05	7.544e-14	
0.006	0.100	0.000	0.750	0.450	3.874e-05	7.206e-14	
0.006	0.100	0.000	1.000	0.000	3.874e-05	4.495e-13	
0.006	0.100	0.000	1.000	0.100	3.874e-05	9.040e-14	
0.006	0.100	0.000	1.000	0.250	3.874e-05	7.316e-14	
0.006	0.100	0.000	1.000	0.450	3.874e-05	7.167e-14	
0.040	0.010	0.000	0.250	0.000	3.874e-05	1.734e-10	
0.040	0.010	0.000	0.250	0.100	3.874e-05	9.661e-12	
0.040	0.010	0.000	0.250	0.250	3.874e-05	6.016e-13	
0.040	0.010	0.000	0.250	0.450	3.874e-05	1.484e-13	
0.040	0.010	0.000	0.500	0.000	3.874e-05	5.168e-11	
0.040	0.010	0.000	0.500	0.100	3.874e-05	2.671e-12	
0.040	0.010	0.000	0.500	0.250	3.874e-05	3.622e-13	
0.040	0.010	0.000	0.500	0.450	3.874e-05	1.214e-13	
0.040	0.010	0.000	0.750	0.000	3.874e-05	1.258e-11	
0.040	0.010	0.000	0.750	0.100	3.874e-05	9.325e-13	
0.040	0.010	0.000	0.750	0.250	3.874e-05	2.225e-13	
0.040	0.010	0.000	0.750	0.450	3.874e-05	1.026e-13	
0.040	0.010	0.000	1.000	0.000	3.874e-05	7.454e-13	
0.040	0.010	0.000	1.000	0.100	3.874e-05	1.342e-13	
0.040	0.010	0.000	1.000	0.250	3.874e-05	8.636e-14	
0.040	0.010	0.000	1.000	0.450	3.874e-05	7.556e-14	
0.040	0.100	0.000	0.250	0.000	3.874e-05	3.774e-09	
0.040	0.100	0.000	0.250	0.100	3.874e-05	5.469e-10	
0.040	0.100	0.000	0.250	0.250	3.874e-05	3.328e-11	
0.040	0.100	0.000	0.250	0.450	3.874e-05	4.418e-12	
0.040	0.100	0.000	0.500	0.000	3.874e-05	1.536e-09	
0.040	0.100	0.000	0.500	0.100	3.874e-05	1.676e-10	
0.040	0.100	0.000	0.500	0.250	3.874e-05	1.503e-11	
0.040	0.100	0.000	0.500	0.450	3.874e-05	2.527e-12	
0.040	0.100	0.000	0.750	0.000	3.874e-05	6.457e-10	
0.040	0.100	0.000	0.750	0.100	3.874e-05	6.216e-11	
0.040	0.100	0.000	0.750	0.250	3.874e-05	7.198e-12	
0.040	0.100	0.000	0.750	0.450	3.874e-05	1.404e-12	
0.040	0.100	0.000	1.000	0.000	3.874e-05	2.772e-10	
0.040	0.100	0.000	1.000	0.100	3.874e-05	2.579e-11	
0.040	0.100	0.000	1.000	0.250	3.874e-05	3.153e-12	
0.040	0.100	0.000	1.000	0.450	3.874e-05	6.594e-13	
0.002	0.010	-0.100	0.250	0.000	3.874e-05	7.345e-14	
0.002	0.010	-0.100	0.250	0.100	3.874e-05	7.145e-14	
0.002	0.010	-0.100	0.250	0.250	3.874e-05	7.134e-14	
0.002	0.010	-0.100	0.250	0.450	3.874e-05	7.134e-14	
0.002	0.010	-0.100	0.500	0.000	3.874e-05	7.148e-14	
0.002	0.010	-0.100	0.500	0.100	3.874e-05	7.137e-14	
0.002	0.010	-0.100	0.500	0.250	3.874e-05	7.134e-14	
0.002	0.010	-0.100	0.500	0.450	3.874e-05	7.134e-14	
0.002	0.010	-0.100	0.750	0.000	3.874e-05	7.138e-14	
0.002	0.010	-0.100	0.750	0.100	3.874e-05	7.136e-14	
0.002	0.010	-0.100	0.750	0.250	3.874e-05	7.134e-14	
0.002	0.010	-0.100	0.750	0.450	3.874e-05	7.134e-14	
0.002	0.010	-0.100	1.000	0.000	3.874e-05	7.136e-14	
0.002	0.010	-0.100	1.000	0.100	3.874e-05	7.134e-14	
0.002	0.010	-0.100	1.000	0.250	3.874e-05	7.134e-14	
0.002	0.010	-0.100	1.000	0.450	3.874e-05	7.134e-14	
0.002	0.100	-0.100	0.250	0.000	3.874e-05	9.458e-14	
0.002	0.100	-0.100	0.250	0.100	3.874e-05	7.641e-14	
0.002	0.100	-0.100	0.250	0.250	3.874e-05	7.160e-14	
0.002	0.100	-0.100	0.250	0.450	3.874e-05	7.136e-14	
0.002	0.100	-0.100	0.500	0.000	3.874e-05	7.597e-14	
0.002	0.100	-0.100	0.500	0.100	3.874e-05	7.281e-14	
0.002	0.100	-0.100	0.500	0.250	3.874e-05	7.139e-14	
0.002	0.100	-0.100	0.500	0.450	3.874e-05	7.134e-14	
0.002	0.100	-0.100	0.750	0.000	3.874e-05	7.280e-14	
0.002	0.100	-0.100	0.750	0.100	3.874e-05	7.189e-14	
0.002	0.100	-0.100	0.750	0.250	3.874e-05	7.135e-14	
0.002	0.100	-0.100	0.750	0.450	3.874e-05	7.134e-14	
0.002	0.100	-0.100	1.000	0.000	3.874e-05	7.202e-14	
0.002	0.100	-0.100	1.000	0.100	3.874e-05	7.157e-14	
0.002	0.100	-0.100	1.000	0.250	3.874e-05	7.134e-14	
0.002	0.100	-0.100	1.000	0.450	3.874e-05	7.134e-14	
0.006	0.010	-0.100	0.250	0.000	3.874e-05	2.321e-13	
0.006	0.010	-0.100	0.250	0.100	3.874e-05	8.054e-14	
0.006	0.010	-0.100	0.250	0.250	3.874e-05	7.154e-14	
0.006	0.010	-0.100	0.250	0.450	3.874e-05	7.135e-14	
0.006	0.010	-0.100	0.500	0.000	3.874e-05	8.292e-14	
0.006	0.010	-0.100	0.500	0.100	3.874e-05	7.422e-14	
0.006	0.010	-0.100	0.500	0.250	3.874e-05	7.135e-14	
0.006	0.010	-0.100	0.500	0.450	3.874e-05	7.134e-14	
0.006	0.010	-0.100	0.750	0.000	3.874e-05	7.474e-14	
0.006	0.010	-0.100	0.750	0.100	3.874e-05	7.270e-14	
0.006	0.010	-0.100	0.750	0.250	3.874e-05	7.134e-14	
0.006	0.010	-0.100	0.750	0.450	3.874e-05	7.134e-14	
0.006	0.010	-0.100	1.000	0.000	3.874e-05	7.295e-14	
0.006	0.010	-0.100	1.000	0.100	3.874e-05	7.173e-14	
0.006	0.010	-0.100	1.000	0.250	3.874e-05	7.134e-14	
0.006	0.010	-0.100	1.000	0.450	3.874e-05	7.134e-14	
0.006	0.100	-0.100	0.250	0.000	3.874e-05	1.922e-12	
0.006	0.100	-0.100	0.250	0.100	3.874e-05	4.784e-13	
0.006	0.100	-0.100	0.250	0.250	3.874e-05	9.278e-14	
0.006	0.100	-0.100	0.250	0.450	3.874e-05	7.273e-14	
0.006	0.100	-0.100	0.500	0.000	3.874e-05	4.427e-13	
0.006	0.100	-0.100	0.500	0.100	3.874e-05	1.897e-13	
0.006	0.100	-0.100	0.500	0.250	3.874e-05	7.564e-14	
0.006	0.100	-0.100	0.500	0.450	3.874e-05	7.174e-14	
0.006	0.100	-0.100	0.750	0.000	3.874e-05	1.891e-13	
0.006	0.100	-0.100	0.750	0.100	3.874e-05	1.155e-13	
0.006	0.100	-0.100	0.750	0.250	3.874e-05	7.238e-14	
0.006	0.100	-0.100	0.750	0.450	3.874e-05	7.144e-14	
0.006	0.100	-0.100	1.000	0.000	3.874e-05	1.263e-13	
0.006	0.100	-0.100	1.000	0.100	3.874e-05	9.037e-14	
0.006	0.100	-0.100	1.000	0.250	3.874e-05	7.173e-14	
0.006	0.100	-0.100	1.000	0.450	3.874e-05	7.138e-14	
0.040	0.010	-0.100	0.250	0.000	3.874e-05	6.051e-11	
0.040	0.010	-0.100	0.250	0.100	3.874e-05	9.728e-12	
0.040	0.010	-0.100	0.250	0.250	3.874e-05	3.869e-13	
0.040	0.010	-0.100	0.250	0.450	3.874e-05	9.821e-14	
0.040	0.010	-0.100	0.500	0.000	3.874e-05	1.144e-11	
0.040	0.010	-0.100	0.500	0.100	3.874e-05	2.670e-12	
0.040	0.010	-0.100	0.500	0.250	3.874e-05	8.813e-14	
0.040	0.010	-0.100	0.500	0.450	3.874e-05	7.518e-14	
0.040	0.010	-0.100	0.750	0.000	3.874e-05	4.664e-12	
0.040	0.010	-0.100	0.750	0.100	3.874e-05	9.319e-13	
0.040	0.010	-0.100	0.750	0.250	3.874e-05	7.160e-14	
0.040	0.010	-0.100	0.750	0.450	3.874e-05	7.137e-14	
0.040	0.010	-0.100	1.000	0.000	3.874e-05	2.573e-12	
0.040	0.010	-0.100	1.000	0.100	3.874e-05	1.339e-13	
0.040	0.010	-0.100	1.000	0.250	3.874e-05	7.143e-14	
0.040	0.010	-0.100	1.000	0.450	3.874e-05	7.135e-14	
0.040	0.100	-0.100	0.250	0.000	3.874e-05	1.829e-09	
0.040	0.100	-0.100	0.250	0.100	3.874e-05	5.459e-10	
0.040	0.100	-0.100	0.250	0.250	3.874e-05	3.546e-11	
0.040	0.100	-0.100	0.250	0.450	3.874e-05	2.608e-12	
0.040	0.100	-0.100	0.500	0.000	3.874e-05	4.873e-10	
0.040	0.100	-0.100	0.500	0.100	3.874e-05	1.674e-10	
0.040	0.100	-0.100	0.500	0.250	3.874e-05	7.250e-12	
0.040	0.100	-0.100	0.500	0.450	3.874e-05	7.975e-13	
0.040	0.100	-0.100	0.750	0.000	3.874e-05	1.793e-10	
0.040	0.100	-0.100	0.750	0.100	3.874e-05	6.212e-11	
0.040	0.100	-0.100	0.750	0.250	3.874e-05	1.840e-12	
0.040	0.100	-0.100	0.750	0.450	3.874e-05	2.593e-13	
0.040	0.100	-0.100	1.000	0.000	3.874e-05	8.982e-11	
0.040	0.100	-0.100	1.000	0.100	3.874e-05	2.577e-11	
0.040	0.100	-0.100	1.000	0.250	3.874e-05	7.353e-13	
0.040	0.100	-0.100	1.000	0.450	3.874e-05	1.425e-13	
0.002	0.010	-0.250	0.250	0.000	3.874e-05	7.138e-14	
0.002	0.010	-0.250	0.250	0.100	3.874e-05	7.166e-14	
0.002	0.010	-0.250	0.250	0.250	3.874e-05	7.134e-14	
0.002	0.010	-0.250	0.250	0.450	3.874e-05	7.134e-14	
0.002	0.010	-0.250	0.500	0.000	3.874e-05	7.134e-14	
0.002	0.010	-0.250	0.500	0.100	3.874e-05	7.134e-14	
0.002	0.010	-0.250	0.500	0.250	3.874e-05	7.134e-14	
0.002	0.010	-0.250	0.500	0.450	3.874e-05	7.134e-14	
0.002	0.010	-0.250	0.750	0.000	3.874e-05	7.134e-14	
0.002	0.010	-0.250	0.750	0.100	3.874e-05	7.134e-14	
0.002	0.010	-0.250	0.750	0.250	3.874e-05	7.134e-14	
0.002	0.010	-0.250	0.750	0.450	3.874e-05	7.134e-14	
0.002	0.010	-0.250	1.000	0.000	3.874e-05	7.134e-14	
0.002	0.010	-0.250	1.000	0.100	3.874e-05	7.134e-14	
0.002	0.010	-0.250	1.000	0.250	3.874e-05	7.134e-14	
0.002	0.010	-0.250	1.000	0.450	3.874e-05	7.134e-14	
0.002	0.100	-0.250	0.250	0.000	3.874e-05	7.213e-14	
0.002	0.100	-0.250	0.250	0.100	3.874e-05	7.710e-14	
0.002	0.100	-0.250	0.250	0.250	3.874e-05	7.157e-14	
0.002	0.100	-0.250	0.250	0.450	3.874e-05	7.134e-14	
0.002	0.100	-0.250	0.500	0.000	3.874e-05	7.160e-14	
0.002	0.100	-0.250	0.500	0.100	3.874e-05	7.166e-14	
0.002	0.100	-0.250	0.500	0.250	3.874e-05	7.144e-14	
0.002	0.100	-0.250	0.500	0.450	3.874e-05	7.134e-14	
0.002	0.100	-0.250	0.750	0.000	3.874e-05	7.145e-14	
0.002	0.100	-0.250	0.750	0.100	3.874e-05	7.146e-14	
0.002	0.100	-0.250	0.750	0.250	3.874e-05	7.139e-14	
0.002	0.100	-0.250	0.750	0.450	3.874e-05	7.134e-14	
0.002	0.100	-0.250	1.000	0.000	3.874e-05	7.140e-14	
0.002	0.100	-0.250	1.000	0.100	3.874e-05	7.141e-14	
0.002	0.100	-0.250	1.000	0.250	3.874e-05	7.136e-14	
0.002	0.100	-0.250	1.000	0.450	3.874e-05	7.134e-14	
0.006	0.010	-0.250	0.250	0.000	3.874e-05	7.431e-14	
0.006	0.010	-0.250	0.250	0.100	3.874e-05	9.620e-14	
0.006	0.010	-0.250	0.250	0.250	3.874e-05	7.166e-14	
0.006	0.010	-0.250	0.250	0.450	3.874e-05	7.134e-14	
0.006	0.010	-0.250	0.500	0.000	3.874e-05	7.186e-14	
0.006	0.010	-0.250	0.500	0.100	3.874e-05	7.187e-14	
0.006	0.010	-0.250	0.500	0.250	3.874e-05	7.152e-14	
0.006	0.010	-0.250	0.500	0.450	3.874e-05	7.134e-14	
0.006	0.010	-0.250	0.750	0.000	3.874e-05	7.153e-14	
0.006	0.010	-0.250	0.750	0.100	3.874e-05	7.152e-14	
0.006	0.010	-0.250	0.750	0.250	3.874e-05	7.144e-14	
0.006	0.010	-0.250	0.750	0.450	3.874e-05	7.134e-14	
0.006	0.010	-0.250	1.000	0.000	3.874e-05	7.144e-14	
0.006	0.010	-0.250	1.000	0.100	3.874e-05	7.145e-14	
0.006	0.010	-0.250	1.000	0.250	3.874e-05	7.137e-14	
0.006	0.010	-0.250	1.000	0.450	3.874e-05	7.134e-14	
0.006	0.100	-0.250	0.250	0.000	3.874e-05	1.353e-13	
0.006	0.100	-0.250	0.250	0.100	3.874e-05	5.316e-13	
0.006	0.100	-0.250	0.250	0.250	3.874e-05	9.019e-14	
0.006	0.100	-0.250	0.250	0.450	3.874e-05	7.181e-14	
0.006	0.100	-0.250	0.500	0.000	3.874e-05	9.222e-14	
0.006	0.100	-0.250	0.500	0.100	3.874e-05	9.730e-14	
0.006	0.100	-0.250	0.500	0.250	3.874e-05	7.978e-14	
0.006	0.100	-0.250	0.500	0.450	3.874e-05	7.145e-14	
0.006	0.100	-0.250	0.750	0.000	3.874e-05	8.075e-14	
0.006	0.100	-0.250	0.750	0.100	3.874e-05	8.154e-14	
0.006	0.100	-0.250	0.750	0.250	3.874e-05	7.542e-14	
0.006	0.100	-0.250	0.750	0.450	3.874e-05	7.138e-14	
0.006	0.100	-0.250	1.000	0.000	3.874e-05	7.657e-14	
0.006	0.100	-0.250	1.000	0.100	3.874e-05	7.714e-14	
0.006	0.100	-0.250	1.000	0.250	3.874e-05	7.316e-14	
0.006	0.100	-0.250	1.000	0.450	3.874e-05	7.136e-14	
0.040	0.010	-0.250	0.250	0.000	3.874e-05	3.664e-12	
0.040	0.010	-0.250	0.250	0.100	3.874e-05	1.528e-11	
0.040	0.010	-0.250	0.250	0.250	3.874e-05	6.078e-13	
0.040	0.010	-0.250	0.250	0.450	3.874e-05	7.148e-14	
0.040	0.010	-0.250	0.500	0.000	3.874e-05	9.514e-13	
0.040	0.010	-0.250	0.500	0.100	3.874e-05	1.149e-12	
0.040	0.010	-0.250	0.500	0.250	3.874e-05	3.620e-13	
0.040	0.010	-0.250	0.500	0.450	3.874e-05	7.136e-14	
0.040	0.010	-0.250	0.750	0.000	3.874e-05	4.287e-13	
0.040	0.010	-0.250	0.750	0.100	3.874e-05	4.076e-13	
0.040	0.010	-0.250	0.750	0.250	3.874e-05	2.222e-13	
0.040	0.010	-0.250	0.750	0.450	3.874e-05	7.135e-14	
0.040	0.010	-0.250	1.000	0.000	3.874e-05	2.613e-13	
0.040	0.010	-0.250	1.000	0.100	3.874e-05	2.746e-13	
0.040	0.010	-0.250	1.000	0.250	3.874e-05	8.624e-14	
0.040	0.010	-0.250	1.000	0.450	3.874e-05	7.134e-14	
0.040	0.100	-0.250	0.250	0.000	3.874e-05	9.735e-11	
0.040	0.100	-0.250	0.250	0.100	3.874e-05	5.125e-10	
0.040	0.100	-0.250	0.250	0.250	3.874e-05	3.298e-11	
0.040	0.100	-0.250	0.250	0.450	3.874e-05	9.056e-13	
0.040	0.100	-0.250	0.500	0.000	3.874e-05	3.695e-11	
0.040	0.100	-0.250	0.500	0.100	3.874e-05	4.864e-11	
0.040	0.100	-0.250	0.500	0.250	3.874e-05	1.499e-11	
0.040	0.100	-0.250	0.500	0.450	3.874e-05	2.785e-13	
0.040	0.100	-0.250	0.750	0.000	3.874e-05	1.758e-11	
0.040	0.100	-0.250	0.750	0.100	3.874e-05	1.952e-11	
0.040	0.100	-0.250	0.750	0.250	3.874e-05	7.186e-12	
0.040	0.100	-0.250	0.750	0.450	3.874e-05	1.475e-13	
0.040	0.100	-0.250	1.000	0.000	3.874e-05	1.002e-11	
0.040	0.100	-0.250	1.000	0.100	3.874e-05	1.119e-11	
0.040	0.100	-0.250	1.000	0.250	3.874e-05	3.148e-12	
0.040	0.100	-0.250	1.000	0.450	3.874e-05	1.064e-13	
0.002	0.010	-0.450	0.250	0.000	3.874e-05	7.134e-14	
0.002	0.010	-0.450	0.250	0.100	3.874e-05	7.134e-14	
0.002	0.010	-0.450	0.250	0.250	3.874e-05	7.134e-14	
0.002	0.010	-0.450	0.250	0.450	3.874e-05	7.134e-14	
0.002	0.010	-0.450	0.500	0.000	3.874e-05	7.134e-14	
0.002	0.010	-0.450	0.500	0.100	3.874e-05	7.134e-14	
0.002	0.010	-0.450	0.500	0.250	3.874e-05	7.134e-14	
0.002	0.010	-0.450	0.500	0.450	3.874e-05	7.134e-14	
0.002	0.010	-0.450	0.750	0.000	3.874e-05	7.134e-14	
0.002	0.010	-0.450	0.750	0.100	3.874e-05	7.134e-14	
0.002	0.010	-0.450	0.750	0.250	3.874e-05	7.134e-14	
0.002	0.010	-0.450	0.750	0.450	3.874e-05	7.134e-14	
0.002	0.010	-0.450	1.000	0.000	3.874e-05	7.134e-14	
0.002	0.010	-0.450	1.000	0.100	3.874e-05	7.134e-14	
0.002	0.010	-0.450	1.000	0.250	3.874e-05	7.134e-14	
0.002	0.010	-0.450	1.000	0.450	3.874e-05	7.134e-14	
0.002	0.100	-0.450	0.250	0.000	3.874e-05	7.134e-14	
0.002	0.100	-0.450	0.250	0.100	3.874e-05	7.135e-14	
0.002	0.100	-0.450	0.250	0.250	3.874e-05	7.137e-14	
0.002	0.100	-0.450	0.250	0.450	3.874e-05	7.137e-14	
0.002	0.100	-0.450	0.500	0.000	3.874e-05	7.134e-14	
0.002	0.100	-0.450	0.500	0.100	3.874e-05	7.136e-14	
0.002	0.100	-0.450	0.500	0.250	3.874e-05	7.136e-14	
0.002	0.100	-0.450	0.500	0.450	3.874e-05	7.135e-14	
0.002	0.100	-0.450	0.750	0.000	3.874e-05	7.134e-14	
0.002	0.100	-0.450	0.750	0.100	3.874e-05	7.136e-14	
0.002	0.100	-0.450	0.750	0.250	3.874e-05	7.135e-14	
0.002	0.100	-0.450	0.750	0.450	3.874e-05	7.135e-14	
0.002	0.100	-0.450	1.000	0.000	3.874e-05	7.134e-14	
0.002	0.100	-0.450	1.000	0.100	3.874e-05	7.135e-14	
0.002	0.100	-0.450	1.000	0.250	3.874e-05	7.135e-14	
0.002	0.100	-0.450	1.000	0.450	3.874e-05	7.134e-14	
0.006	0.010	-0.450	0.250	0.000	3.874e-05	7.134e-14	
0.006	0.010	-0.450	0.250	0.100	3.874e-05	7.134e-14	
0.006	0.010	-0.450	0.250	0.250	3.874e-05	7.140e-14	
0.006	0.010	-0.450	0.250	0.450	3.874e-05	7.138e-14	
0.006	0.010	-0.450	0.500	0.000	3.874e-05	7.134e-14	
0.006	0.010	-0.450	0.500	0.100	3.874e-05	7.137e-14	
0.006	0.010	-0.450	0.500	0.250	3.874e-05	7.137e-14	
0.006	0.010	-0.450	0.500	0.450	3.874e-05	7.137e-14	
0.006	0.010	-0.450	0.750	0.000	3.874e-05	7.134e-14	
0.006	0.010	-0.450	0.750	0.100	3.874e-05	7.138e-14	
0.006	0.010	-0.450	0.750	0.250	3.874e-05	7.136e-14	
0.006	0.010	-0.450	0.750	0.450	3.874e-05	7.136e-14	
0.006	0.010	-0.450	1.000	0.000	3.874e-05	7.134e-14	
0.006	0.010	-0.450	1.000	0.100	3.874e-05	7.136e-14	
0.006	0.010	-0.450	1.000	0.250	3.874e-05	7.135e-14	
0.006	0.010	-0.450	1.000	0.450	3.874e-05	7.134e-14	
0.006	0.100	-0.450	0.250	0.000	3.874e-05	7.136e-14	
0.006	0.100	-0.450	0.250	0.100	3.874e-05	7.193e-14	
0.006	0.100	-0.450	0.250	0.250	3.874e-05	7.421e-14	
0.006	0.100	-0.450	0.250	0.450	3.874e-05	7.358e-14	
0.006	0.100	-0.450	0.500	0.000	3.874e-05	7.137e-14	
0.006	0.100	-0.450	0.500	0.100	3.874e-05	7.274e-14	
0.006	0.100	-0.450	0.500	0.250	3.874e-05	7.324e-14	
0.006	0.100	-0.450	0.500	0.450	3.874e-05	7.264e-14	
0.006	0.100	-0.450	0.750	0.000	3.874e-05	7.141e-14	
0.006	0.100	-0.450	0.750	0.100	3.874e-05	7.304e-14	
0.006	0.100	-0.450	0.750	0.250	3.874e-05	7.264e-14	
0.006	0.100	-0.450	0.750	0.450	3.874e-05	7.205e-14	
0.006	0.100	-0.450	1.000	0.000	3.874e-05	7.154e-14	
0.006	0.100	-0.450	1.000	0.100	3.874e-05	7.271e-14	
0.006	0.100	-0.450	1.000	0.250	3.874e-05	7.227e-14	
0.006	0.100	-0.450	1.000	0.450	3.874e-05	7.166e-14	
0.040	0.010	-0.450	0.250	0.000	3.874e-05	7.134e-14	
0.040	0.010	-0.450	0.250	0.100	3.874e-05	7.169e-14	
0.040	0.010	-0.450	0.250	0.250	3.874e-05	1.890e-13	
0.040	0.010	-0.450	0.250	0.450	3.874e-05	1.478e-13	
0.040	0.010	-0.450	0.500	0.000	3.874e-05	7.135e-14	
0.040	0.010	-0.450	0.500	0.100	3.874e-05	1.507e-13	
0.040	0.010	-0.450	0.500	0.250	3.874e-05	1.396e-13	
0.040	0.010	-0.450	0.500	0.450	3.874e-05	1.212e-13	
0.040	0.010	-0.450	0.750	0.000	3.874e-05	7.140e-14	
0.040	0.010	-0.450	0.750	0.100	3.874e-05	1.488e-13	
0.040	0.010	-0.450	0.750	0.250	3.874e-05	1.157e-13	
0.040	0.010	-0.450	0.750	0.450	3.874e-05	1.025e-13	
0.040	0.010	-0.450	1.000	0.000	3.874e-05	8.034e-14	
0.040	0.010	-0.450	1.000	0.100	3.874e-05	1.238e-13	
0.040	0.010	-0.450	1.000	0.250	3.874e-05	1.026e-13	
0.040	0.010	-0.450	1.000	0.450	3.874e-05	7.551e-14	
0.040	0.100	-0.450	0.250	0.000	3.874e-05	1.088e-13	
0.040	0.100	-0.450	0.250	0.100	3.874e-05	1.455e-12	
0.040	0.100	-0.450	0.250	0.250	3.874e-05	5.596e-12	
0.040	0.100	-0.450	0.250	0.450	3.874e-05	4.296e-12	
0.040	0.100	-0.450	0.500	0.000	3.874e-05	1.300e-13	
0.040	0.100	-0.450	0.500	0.100	3.874e-05	3.050e-12	
0.040	0.100	-0.450	0.500	0.250	3.874e-05	3.757e-12	
0.040	0.100	-0.450	0.500	0.450	3.874e-05	2.511e-12	
0.040	0.100	-0.450	0.750	0.000	3.874e-05	2.244e-13	
0.040	0.100	-0.450	0.750	0.100	3.874e-05	3.428e-12	
0.040	0.100	-0.450	0.750	0.250	3.874e-05	2.608e-12	
0.040	0.100	-0.450	0.750	0.450	3.874e-05	1.399e-12	
0.040	0.100	-0.450	1.000	0.000	3.874e-05	4.853e-13	
0.040	0.100	-0.450	1.000	0.100	3.874e-05	2.746e-12	
0.040	0.100	-0.450	1.000	0.250	3.874e-05	1.896e-12	
0.040	0.100	-0.450	1.000	0.450	3.874e-05	6.574e-13	

 Time spent 54454.871374 seconds. 
 
