2.000e-03	1.000e-02	0.000e+00	2.500e-01	0.000e+00	1.234e+01	1.026e+02	
2.000e-03	1.000e-02	0.000e+00	2.500e-01	1.000e-01	1.036e+00	1.586e+01	
2.000e-03	1.000e-02	0.000e+00	2.500e-01	2.500e-01	1.083e+00	1.994e+01	
2.000e-03	1.000e-02	0.000e+00	2.500e-01	4.500e-01	1.091e+00	2.088e+01	
2.000e-03	1.000e-02	0.000e+00	5.000e-01	0.000e+00	9.378e+00	1.193e+02	
2.000e-03	1.000e-02	0.000e+00	5.000e-01	1.000e-01	1.573e+00	3.272e+01	
2.000e-03	1.000e-02	0.000e+00	5.000e-01	2.500e-01	1.650e+00	4.050e+01	
2.000e-03	1.000e-02	0.000e+00	5.000e-01	4.500e-01	1.665e+00	4.231e+01	
2.000e-03	1.000e-02	0.000e+00	7.500e-01	0.000e+00	7.146e+00	1.194e+02	
2.000e-03	1.000e-02	0.000e+00	7.500e-01	1.000e-01	2.214e+00	4.719e+01	
2.000e-03	1.000e-02	0.000e+00	7.500e-01	2.500e-01	2.385e+00	6.067e+01	
2.000e-03	1.000e-02	0.000e+00	7.500e-01	4.500e-01	2.424e+00	6.408e+01	
2.000e-03	1.000e-02	0.000e+00	1.000e+00	0.000e+00	5.646e+00	1.152e+02	
2.000e-03	1.000e-02	0.000e+00	1.000e+00	1.000e-01	2.773e+00	6.194e+01	
2.000e-03	1.000e-02	0.000e+00	1.000e+00	2.500e-01	2.935e+00	7.452e+01	
2.000e-03	1.000e-02	0.000e+00	1.000e+00	4.500e-01	2.969e+00	7.748e+01	
2.000e-03	1.000e-01	0.000e+00	2.500e-01	0.000e+00	1.432e+00	2.838e+02	
2.000e-03	1.000e-01	0.000e+00	2.500e-01	1.000e-01	2.600e+00	6.592e+02	
2.000e-03	1.000e-01	0.000e+00	2.500e-01	2.500e-01	1.264e+01	3.500e+03	
2.000e-03	1.000e-01	0.000e+00	2.500e-01	4.500e-01	3.317e+01	7.517e+03	
2.000e-03	1.000e-01	0.000e+00	5.000e-01	0.000e+00	1.103e+00	1.303e+02	
2.000e-03	1.000e-01	0.000e+00	5.000e-01	1.000e-01	4.364e+00	8.436e+02	
2.000e-03	1.000e-01	0.000e+00	5.000e-01	2.500e-01	1.774e+01	4.195e+03	
2.000e-03	1.000e-01	0.000e+00	5.000e-01	4.500e-01	4.727e+01	1.253e+04	
2.000e-03	1.000e-01	0.000e+00	7.500e-01	0.000e+00	1.168e+00	8.814e+01	
2.000e-03	1.000e-01	0.000e+00	7.500e-01	1.000e-01	6.071e+00	7.627e+02	
2.000e-03	1.000e-01	0.000e+00	7.500e-01	2.500e-01	2.374e+01	4.639e+03	
2.000e-03	1.000e-01	0.000e+00	7.500e-01	4.500e-01	6.220e+01	1.534e+04	
2.000e-03	1.000e-01	0.000e+00	1.000e+00	0.000e+00	1.461e+00	6.652e+01	
2.000e-03	1.000e-01	0.000e+00	1.000e+00	1.000e-01	7.872e+00	6.183e+02	
2.000e-03	1.000e-01	0.000e+00	1.000e+00	2.500e-01	3.089e+01	4.176e+03	
2.000e-03	1.000e-01	0.000e+00	1.000e+00	4.500e-01	8.269e+01	1.532e+04	
6.000e-03	1.000e-02	0.000e+00	2.500e-01	0.000e+00	5.266e+01	5.209e+02	
6.000e-03	1.000e-02	0.000e+00	2.500e-01	1.000e-01	3.704e+00	4.038e+01	
6.000e-03	1.000e-02	0.000e+00	2.500e-01	2.500e-01	3.255e+00	4.486e+01	
6.000e-03	1.000e-02	0.000e+00	2.500e-01	4.500e-01	3.176e+00	4.809e+01	
6.000e-03	1.000e-02	0.000e+00	5.000e-01	0.000e+00	3.765e+01	2.656e+02	
6.000e-03	1.000e-02	0.000e+00	5.000e-01	1.000e-01	2.067e+00	3.131e+01	
6.000e-03	1.000e-02	0.000e+00	5.000e-01	2.500e-01	1.755e+00	3.733e+01	
6.000e-03	1.000e-02	0.000e+00	5.000e-01	4.500e-01	1.700e+00	3.990e+01	
6.000e-03	1.000e-02	0.000e+00	7.500e-01	0.000e+00	2.577e+01	2.608e+02	
6.000e-03	1.000e-02	0.000e+00	7.500e-01	1.000e-01	1.395e+00	2.054e+01	
6.000e-03	1.000e-02	0.000e+00	7.500e-01	2.500e-01	1.165e+00	2.563e+01	
6.000e-03	1.000e-02	0.000e+00	7.500e-01	4.500e-01	1.123e+00	2.763e+01	
6.000e-03	1.000e-02	0.000e+00	1.000e+00	0.000e+00	1.861e+01	2.814e+02	
6.000e-03	1.000e-02	0.000e+00	1.000e+00	1.000e-01	1.009e+00	1.633e+01	
6.000e-03	1.000e-02	0.000e+00	1.000e+00	2.500e-01	1.193e+00	2.755e+01	
6.000e-03	1.000e-02	0.000e+00	1.000e+00	4.500e-01	1.230e+00	3.111e+01	
6.000e-03	1.000e-01	0.000e+00	2.500e-01	0.000e+00	1.273e+01	2.535e+03	
6.000e-03	1.000e-01	0.000e+00	2.500e-01	1.000e-01	3.445e+00	8.742e+02	
6.000e-03	1.000e-01	0.000e+00	2.500e-01	2.500e-01	1.406e+00	3.895e+02	
6.000e-03	1.000e-01	0.000e+00	2.500e-01	4.500e-01	3.757e+00	8.853e+02	
6.000e-03	1.000e-01	0.000e+00	5.000e-01	0.000e+00	9.786e+00	1.167e+03	
6.000e-03	1.000e-01	0.000e+00	5.000e-01	1.000e-01	2.052e+00	3.978e+02	
6.000e-03	1.000e-01	0.000e+00	5.000e-01	2.500e-01	1.973e+00	4.670e+02	
6.000e-03	1.000e-01	0.000e+00	5.000e-01	4.500e-01	5.255e+00	1.392e+03	
6.000e-03	1.000e-01	0.000e+00	7.500e-01	0.000e+00	7.590e+00	5.806e+02	
6.000e-03	1.000e-01	0.000e+00	7.500e-01	1.000e-01	1.475e+00	1.860e+02	
6.000e-03	1.000e-01	0.000e+00	7.500e-01	2.500e-01	2.642e+00	5.169e+02	
6.000e-03	1.000e-01	0.000e+00	7.500e-01	4.500e-01	6.917e+00	1.706e+03	
6.000e-03	1.000e-01	0.000e+00	1.000e+00	0.000e+00	6.058e+00	2.798e+02	
6.000e-03	1.000e-01	0.000e+00	1.000e+00	1.000e-01	1.137e+00	8.968e+01	
6.000e-03	1.000e-01	0.000e+00	1.000e+00	2.500e-01	3.439e+00	4.654e+02	
6.000e-03	1.000e-01	0.000e+00	1.000e+00	4.500e-01	9.197e+00	1.705e+03	
4.000e-02	1.000e-02	0.000e+00	2.500e-01	0.000e+00	9.373e+01	1.480e+04	
4.000e-02	1.000e-02	0.000e+00	2.500e-01	1.000e-01	1.769e+01	3.806e+03	
4.000e-02	1.000e-02	0.000e+00	2.500e-01	2.500e-01	4.177e+00	8.325e+02	
4.000e-02	1.000e-02	0.000e+00	2.500e-01	4.500e-01	1.471e+00	3.476e+02	
4.000e-02	1.000e-02	0.000e+00	5.000e-01	0.000e+00	6.547e+01	6.474e+03	
4.000e-02	1.000e-02	0.000e+00	5.000e-01	1.000e-01	1.218e+01	1.409e+03	
4.000e-02	1.000e-02	0.000e+00	5.000e-01	2.500e-01	3.569e+00	5.021e+02	
4.000e-02	1.000e-02	0.000e+00	5.000e-01	4.500e-01	1.307e+00	2.453e+02	
4.000e-02	1.000e-02	0.000e+00	7.500e-01	0.000e+00	3.201e+01	3.021e+03	
4.000e-02	1.000e-02	0.000e+00	7.500e-01	1.000e-01	7.370e+00	7.917e+02	
4.000e-02	1.000e-02	0.000e+00	7.500e-01	2.500e-01	2.674e+00	3.601e+02	
4.000e-02	1.000e-02	0.000e+00	7.500e-01	4.500e-01	1.080e+00	1.873e+02	
4.000e-02	1.000e-02	0.000e+00	1.000e+00	0.000e+00	7.256e+00	4.738e+02	
4.000e-02	1.000e-02	0.000e+00	1.000e+00	1.000e-01	2.049e+00	1.500e+02	
4.000e-02	1.000e-02	0.000e+00	1.000e+00	2.500e-01	1.120e+00	1.126e+02	
4.000e-02	1.000e-02	0.000e+00	1.000e+00	4.500e-01	2.324e+00	3.025e+02	
4.000e-02	1.000e-01	0.000e+00	2.500e-01	0.000e+00	3.483e+02	8.058e+04	
4.000e-02	1.000e-01	0.000e+00	2.500e-01	1.000e-01	1.258e+02	3.251e+04	
4.000e-02	1.000e-01	0.000e+00	2.500e-01	2.500e-01	2.974e+01	8.278e+03	
4.000e-02	1.000e-01	0.000e+00	2.500e-01	4.500e-01	1.077e+01	2.922e+03	
4.000e-02	1.000e-01	0.000e+00	5.000e-01	0.000e+00	2.568e+02	4.202e+04	
4.000e-02	1.000e-01	0.000e+00	5.000e-01	1.000e-01	7.373e+01	1.606e+04	
4.000e-02	1.000e-01	0.000e+00	5.000e-01	2.500e-01	2.111e+01	5.118e+03	
4.000e-02	1.000e-01	0.000e+00	5.000e-01	4.500e-01	8.241e+00	2.184e+03	
4.000e-02	1.000e-01	0.000e+00	7.500e-01	0.000e+00	1.873e+02	2.229e+04	
4.000e-02	1.000e-01	0.000e+00	7.500e-01	1.000e-01	5.188e+01	7.754e+03	
4.000e-02	1.000e-01	0.000e+00	7.500e-01	2.500e-01	1.549e+01	3.181e+03	
4.000e-02	1.000e-01	0.000e+00	7.500e-01	4.500e-01	6.187e+00	1.545e+03	
4.000e-02	1.000e-01	0.000e+00	1.000e+00	0.000e+00	1.426e+02	1.097e+04	
4.000e-02	1.000e-01	0.000e+00	1.000e+00	1.000e-01	3.925e+01	3.732e+03	
4.000e-02	1.000e-01	0.000e+00	1.000e+00	2.500e-01	1.170e+01	1.672e+03	
4.000e-02	1.000e-01	0.000e+00	1.000e+00	4.500e-01	4.585e+00	8.639e+02	
2.000e-03	1.000e-02	-1.000e-01	2.500e-01	0.000e+00	2.739e+00	3.657e+02	
2.000e-03	1.000e-02	-1.000e-01	2.500e-01	1.000e-01	1.562e+01	2.694e+03	
2.000e-03	1.000e-02	-1.000e-01	2.500e-01	2.500e-01	7.523e+01	9.512e+03	
2.000e-03	1.000e-02	-1.000e-01	2.500e-01	4.500e-01	3.296e+02	5.669e+04	
2.000e-03	1.000e-02	-1.000e-01	5.000e-01	0.000e+00	7.569e+00	6.060e+02	
2.000e-03	1.000e-02	-1.000e-01	5.000e-01	1.000e-01	1.891e+01	1.095e+03	
2.000e-03	1.000e-02	-1.000e-01	5.000e-01	2.500e-01	2.617e+02	2.435e+04	
2.000e-03	1.000e-02	-1.000e-01	5.000e-01	4.500e-01	5.572e+02	5.118e+04	
2.000e-03	1.000e-02	-1.000e-01	7.500e-01	0.000e+00	1.243e+01	8.466e+02	
2.000e-03	1.000e-02	-1.000e-01	7.500e-01	1.000e-01	2.416e+01	9.141e+02	
2.000e-03	1.000e-02	-1.000e-01	7.500e-01	2.500e-01	4.156e+03	9.850e+05	
2.000e-03	1.000e-02	-1.000e-01	7.500e-01	4.500e-01	1.335e+04	3.348e+06	
2.000e-03	1.000e-02	-1.000e-01	1.000e+00	0.000e+00	1.686e+01	1.044e+03	
2.000e-03	1.000e-02	-1.000e-01	1.000e+00	1.000e-01	3.409e+01	5.688e+02	
2.000e-03	1.000e-02	-1.000e-01	1.000e+00	2.500e-01	5.854e+03	8.217e+05	
2.000e-03	1.000e-02	-1.000e-01	1.000e+00	4.500e-01	2.255e+04	4.752e+06	
2.000e-03	1.000e-01	-1.000e-01	2.500e-01	0.000e+00	1.024e+00	2.035e+02	
2.000e-03	1.000e-01	-1.000e-01	2.500e-01	1.000e-01	2.600e+00	6.616e+02	
2.000e-03	1.000e-01	-1.000e-01	2.500e-01	2.500e-01	9.455e+00	1.793e+03	
2.000e-03	1.000e-01	-1.000e-01	2.500e-01	4.500e-01	3.696e+01	7.001e+03	
2.000e-03	1.000e-01	-1.000e-01	5.000e-01	0.000e+00	2.221e+00	4.054e+02	
2.000e-03	1.000e-01	-1.000e-01	5.000e-01	1.000e-01	4.364e+00	8.444e+02	
2.000e-03	1.000e-01	-1.000e-01	5.000e-01	2.500e-01	2.372e+01	5.388e+03	
2.000e-03	1.000e-01	-1.000e-01	5.000e-01	4.500e-01	6.841e+01	1.247e+04	
2.000e-03	1.000e-01	-1.000e-01	7.500e-01	0.000e+00	3.503e+00	4.976e+02	
2.000e-03	1.000e-01	-1.000e-01	7.500e-01	1.000e-01	6.071e+00	7.627e+02	
2.000e-03	1.000e-01	-1.000e-01	7.500e-01	2.500e-01	5.058e+01	1.185e+04	
2.000e-03	1.000e-01	-1.000e-01	7.500e-01	4.500e-01	1.724e+02	4.862e+04	
2.000e-03	1.000e-01	-1.000e-01	1.000e+00	0.000e+00	4.677e+00	5.462e+02	
2.000e-03	1.000e-01	-1.000e-01	1.000e+00	1.000e-01	7.872e+00	6.179e+02	
2.000e-03	1.000e-01	-1.000e-01	1.000e+00	2.500e-01	7.049e+01	1.089e+04	
2.000e-03	1.000e-01	-1.000e-01	1.000e+00	4.500e-01	2.553e+02	5.584e+04	
6.000e-03	1.000e-02	-1.000e-01	2.500e-01	0.000e+00	3.128e+00	4.324e+02	
6.000e-03	1.000e-02	-1.000e-01	2.500e-01	1.000e-01	1.755e+00	3.057e+02	
6.000e-03	1.000e-02	-1.000e-01	2.500e-01	2.500e-01	8.370e+00	1.057e+03	
6.000e-03	1.000e-02	-1.000e-01	2.500e-01	4.500e-01	3.664e+01	6.300e+03	
6.000e-03	1.000e-02	-1.000e-01	5.000e-01	0.000e+00	1.171e+00	9.468e+01	
6.000e-03	1.000e-02	-1.000e-01	5.000e-01	1.000e-01	2.130e+00	1.254e+02	
6.000e-03	1.000e-02	-1.000e-01	5.000e-01	2.500e-01	2.911e+01	2.703e+03	
6.000e-03	1.000e-02	-1.000e-01	5.000e-01	4.500e-01	6.195e+01	5.681e+03	
6.000e-03	1.000e-02	-1.000e-01	7.500e-01	0.000e+00	1.391e+00	9.523e+01	
6.000e-03	1.000e-02	-1.000e-01	7.500e-01	1.000e-01	2.750e+00	1.078e+02	
6.000e-03	1.000e-02	-1.000e-01	7.500e-01	2.500e-01	4.629e+02	1.098e+05	
6.000e-03	1.000e-02	-1.000e-01	7.500e-01	4.500e-01	1.485e+03	3.724e+05	
6.000e-03	1.000e-02	-1.000e-01	1.000e+00	0.000e+00	1.884e+00	1.171e+02	
6.000e-03	1.000e-02	-1.000e-01	1.000e+00	1.000e-01	3.965e+00	6.881e+01	
6.000e-03	1.000e-02	-1.000e-01	1.000e+00	2.500e-01	6.520e+02	9.166e+04	
6.000e-03	1.000e-02	-1.000e-01	1.000e+00	4.500e-01	2.508e+03	5.287e+05	
6.000e-03	1.000e-01	-1.000e-01	2.500e-01	0.000e+00	8.703e+00	1.734e+03	
6.000e-03	1.000e-01	-1.000e-01	2.500e-01	1.000e-01	3.445e+00	8.773e+02	
6.000e-03	1.000e-01	-1.000e-01	2.500e-01	2.500e-01	1.052e+00	1.992e+02	
6.000e-03	1.000e-01	-1.000e-01	2.500e-01	4.500e-01	4.109e+00	7.778e+02	
6.000e-03	1.000e-01	-1.000e-01	5.000e-01	0.000e+00	4.025e+00	7.371e+02	
6.000e-03	1.000e-01	-1.000e-01	5.000e-01	1.000e-01	2.052e+00	3.982e+02	
6.000e-03	1.000e-01	-1.000e-01	5.000e-01	2.500e-01	2.639e+00	5.986e+02	
6.000e-03	1.000e-01	-1.000e-01	5.000e-01	4.500e-01	7.605e+00	1.386e+03	
6.000e-03	1.000e-01	-1.000e-01	7.500e-01	0.000e+00	2.559e+00	3.643e+02	
6.000e-03	1.000e-01	-1.000e-01	7.500e-01	1.000e-01	1.475e+00	1.860e+02	
6.000e-03	1.000e-01	-1.000e-01	7.500e-01	2.500e-01	5.631e+00	1.320e+03	
6.000e-03	1.000e-01	-1.000e-01	7.500e-01	4.500e-01	1.917e+01	5.407e+03	
6.000e-03	1.000e-01	-1.000e-01	1.000e+00	0.000e+00	1.918e+00	2.243e+02	
6.000e-03	1.000e-01	-1.000e-01	1.000e+00	1.000e-01	1.137e+00	8.963e+01	
6.000e-03	1.000e-01	-1.000e-01	1.000e+00	2.500e-01	7.848e+00	1.214e+03	
6.000e-03	1.000e-01	-1.000e-01	1.000e+00	4.500e-01	2.839e+01	6.212e+03	
4.000e-02	1.000e-02	-1.000e-01	2.500e-01	0.000e+00	5.084e+01	9.866e+03	
4.000e-02	1.000e-02	-1.000e-01	2.500e-01	1.000e-01	1.769e+01	3.811e+03	
4.000e-02	1.000e-02	-1.000e-01	2.500e-01	2.500e-01	4.988e+00	5.883e+02	
4.000e-02	1.000e-02	-1.000e-01	2.500e-01	4.500e-01	1.179e+00	1.979e+02	
4.000e-02	1.000e-02	-1.000e-01	5.000e-01	0.000e+00	2.942e+01	3.412e+03	
4.000e-02	1.000e-02	-1.000e-01	5.000e-01	1.000e-01	1.218e+01	1.410e+03	
4.000e-02	1.000e-02	-1.000e-01	5.000e-01	2.500e-01	1.448e+00	1.206e+02	
4.000e-02	1.000e-02	-1.000e-01	5.000e-01	4.500e-01	1.431e+00	1.216e+02	
4.000e-02	1.000e-02	-1.000e-01	7.500e-01	0.000e+00	2.268e+01	1.912e+03	
4.000e-02	1.000e-02	-1.000e-01	7.500e-01	1.000e-01	7.370e+00	7.920e+02	
4.000e-02	1.000e-02	-1.000e-01	7.500e-01	2.500e-01	1.156e+01	2.856e+03	
4.000e-02	1.000e-02	-1.000e-01	7.500e-01	4.500e-01	3.510e+01	8.806e+03	
4.000e-02	1.000e-02	-1.000e-01	1.000e+00	0.000e+00	1.866e+01	1.321e+03	
4.000e-02	1.000e-02	-1.000e-01	1.000e+00	1.000e-01	2.049e+00	1.494e+02	
4.000e-02	1.000e-02	-1.000e-01	1.000e+00	2.500e-01	1.635e+01	2.469e+03	
4.000e-02	1.000e-02	-1.000e-01	1.000e+00	4.500e-01	5.919e+01	1.273e+04	
4.000e-02	1.000e-01	-1.000e-01	2.500e-01	0.000e+00	2.625e+02	5.639e+04	
4.000e-02	1.000e-01	-1.000e-01	2.500e-01	1.000e-01	1.258e+02	3.257e+04	
4.000e-02	1.000e-01	-1.000e-01	2.500e-01	2.500e-01	3.992e+01	7.132e+03	
4.000e-02	1.000e-01	-1.000e-01	2.500e-01	4.500e-01	1.056e+01	1.944e+03	
4.000e-02	1.000e-01	-1.000e-01	5.000e-01	0.000e+00	1.359e+02	2.824e+04	
4.000e-02	1.000e-01	-1.000e-01	5.000e-01	1.000e-01	7.373e+01	1.607e+04	
4.000e-02	1.000e-01	-1.000e-01	5.000e-01	2.500e-01	1.597e+01	3.426e+03	
4.000e-02	1.000e-01	-1.000e-01	5.000e-01	4.500e-01	5.680e+00	1.005e+03	
4.000e-02	1.000e-01	-1.000e-01	7.500e-01	0.000e+00	9.428e+01	1.468e+04	
4.000e-02	1.000e-01	-1.000e-01	7.500e-01	1.000e-01	5.188e+01	7.755e+03	
4.000e-02	1.000e-01	-1.000e-01	7.500e-01	2.500e-01	7.216e+00	1.752e+03	
4.000e-02	1.000e-01	-1.000e-01	7.500e-01	4.500e-01	2.230e+00	6.285e+02	
4.000e-02	1.000e-01	-1.000e-01	1.000e+00	0.000e+00	7.396e+01	9.198e+03	
4.000e-02	1.000e-01	-1.000e-01	1.000e+00	1.000e-01	3.925e+01	3.732e+03	
4.000e-02	1.000e-01	-1.000e-01	1.000e+00	2.500e-01	5.159e+00	8.446e+02	
4.000e-02	1.000e-01	-1.000e-01	1.000e+00	4.500e-01	1.501e+00	3.339e+02	
2.000e-03	1.000e-02	-2.500e-01	2.500e-01	0.000e+00	1.453e+01	1.290e+03	
2.000e-03	1.000e-02	-2.500e-01	2.500e-01	1.000e-01	5.681e+00	5.255e+02	
2.000e-03	1.000e-02	-2.500e-01	2.500e-01	2.500e-01	8.671e+01	1.634e+04	
2.000e-03	1.000e-02	-2.500e-01	2.500e-01	4.500e-01	2.403e+03	1.498e+05	
2.000e-03	1.000e-02	-2.500e-01	5.000e-01	0.000e+00	4.007e+01	4.061e+03	
2.000e-03	1.000e-02	-2.500e-01	5.000e-01	1.000e-01	3.171e+01	2.019e+03	
2.000e-03	1.000e-02	-2.500e-01	5.000e-01	2.500e-01	9.849e+01	1.215e+04	
2.000e-03	1.000e-02	-2.500e-01	5.000e-01	4.500e-01	1.213e+04	2.306e+06	
2.000e-03	1.000e-02	-2.500e-01	7.500e-01	0.000e+00	6.595e+01	6.463e+03	
2.000e-03	1.000e-02	-2.500e-01	7.500e-01	1.000e-01	7.395e+01	7.828e+03	
2.000e-03	1.000e-02	-2.500e-01	7.500e-01	2.500e-01	1.190e+02	1.199e+04	
2.000e-03	1.000e-02	-2.500e-01	7.500e-01	4.500e-01	2.523e+04	6.850e+06	
2.000e-03	1.000e-02	-2.500e-01	1.000e+00	0.000e+00	8.953e+01	8.192e+03	
2.000e-03	1.000e-02	-2.500e-01	1.000e+00	1.000e-01	8.966e+01	8.514e+03	
2.000e-03	1.000e-02	-2.500e-01	1.000e+00	2.500e-01	1.835e+02	9.331e+03	
2.000e-03	1.000e-02	-2.500e-01	1.000e+00	4.500e-01	3.534e+04	8.102e+06	
2.000e-03	1.000e-01	-2.500e-01	2.500e-01	0.000e+00	2.897e+00	2.184e+02	
2.000e-03	1.000e-01	-2.500e-01	2.500e-01	1.000e-01	1.511e+00	1.703e+02	
2.000e-03	1.000e-01	-2.500e-01	2.500e-01	2.500e-01	1.264e+01	3.546e+03	
2.000e-03	1.000e-01	-2.500e-01	2.500e-01	4.500e-01	4.755e+01	5.312e+03	
2.000e-03	1.000e-01	-2.500e-01	5.000e-01	0.000e+00	7.486e+00	9.895e+02	
2.000e-03	1.000e-01	-2.500e-01	5.000e-01	1.000e-01	7.781e+00	1.225e+03	
2.000e-03	1.000e-01	-2.500e-01	5.000e-01	2.500e-01	1.774e+01	4.208e+03	
2.000e-03	1.000e-01	-2.500e-01	5.000e-01	4.500e-01	1.361e+02	2.728e+04	
2.000e-03	1.000e-01	-2.500e-01	7.500e-01	0.000e+00	1.224e+01	1.838e+03	
2.000e-03	1.000e-01	-2.500e-01	7.500e-01	1.000e-01	1.375e+01	2.572e+03	
2.000e-03	1.000e-01	-2.500e-01	7.500e-01	2.500e-01	2.374e+01	4.640e+03	
2.000e-03	1.000e-01	-2.500e-01	7.500e-01	4.500e-01	2.678e+02	7.266e+04	
2.000e-03	1.000e-01	-2.500e-01	1.000e+00	0.000e+00	1.655e+01	2.456e+03	
2.000e-03	1.000e-01	-2.500e-01	1.000e+00	1.000e-01	1.695e+01	2.699e+03	
2.000e-03	1.000e-01	-2.500e-01	1.000e+00	2.500e-01	3.089e+01	4.170e+03	
2.000e-03	1.000e-01	-2.500e-01	1.000e+00	4.500e-01	3.740e+02	8.712e+04	
6.000e-03	1.000e-02	-2.500e-01	2.500e-01	0.000e+00	1.628e+00	1.452e+02	
6.000e-03	1.000e-02	-2.500e-01	2.500e-01	1.000e-01	1.548e+00	1.445e+02	
6.000e-03	1.000e-02	-2.500e-01	2.500e-01	2.500e-01	9.653e+00	1.822e+03	
6.000e-03	1.000e-02	-2.500e-01	2.500e-01	4.500e-01	2.678e+02	1.672e+04	
6.000e-03	1.000e-02	-2.500e-01	5.000e-01	0.000e+00	4.464e+00	4.532e+02	
6.000e-03	1.000e-02	-2.500e-01	5.000e-01	1.000e-01	3.511e+00	2.229e+02	
6.000e-03	1.000e-02	-2.500e-01	5.000e-01	2.500e-01	1.097e+01	1.357e+03	
6.000e-03	1.000e-02	-2.500e-01	5.000e-01	4.500e-01	1.349e+03	2.564e+05	
6.000e-03	1.000e-02	-2.500e-01	7.500e-01	0.000e+00	7.338e+00	7.199e+02	
6.000e-03	1.000e-02	-2.500e-01	7.500e-01	1.000e-01	8.226e+00	8.717e+02	
6.000e-03	1.000e-02	-2.500e-01	7.500e-01	2.500e-01	1.328e+01	1.347e+03	
6.000e-03	1.000e-02	-2.500e-01	7.500e-01	4.500e-01	2.806e+03	7.617e+05	
6.000e-03	1.000e-02	-2.500e-01	1.000e+00	0.000e+00	9.957e+00	9.115e+02	
6.000e-03	1.000e-02	-2.500e-01	1.000e+00	1.000e-01	9.971e+00	9.474e+02	
6.000e-03	1.000e-02	-2.500e-01	1.000e+00	2.500e-01	2.075e+01	1.070e+03	
6.000e-03	1.000e-02	-2.500e-01	1.000e+00	4.500e-01	3.929e+03	9.010e+05	
6.000e-03	1.000e-01	-2.500e-01	2.500e-01	0.000e+00	3.092e+00	2.337e+02	
6.000e-03	1.000e-01	-2.500e-01	2.500e-01	1.000e-01	5.904e+00	6.673e+02	
6.000e-03	1.000e-01	-2.500e-01	2.500e-01	2.500e-01	1.406e+00	3.945e+02	
6.000e-03	1.000e-01	-2.500e-01	2.500e-01	4.500e-01	5.289e+00	5.909e+02	
6.000e-03	1.000e-01	-2.500e-01	5.000e-01	0.000e+00	1.200e+00	1.588e+02	
6.000e-03	1.000e-01	-2.500e-01	5.000e-01	1.000e-01	1.157e+00	1.817e+02	
6.000e-03	1.000e-01	-2.500e-01	5.000e-01	2.500e-01	1.973e+00	4.684e+02	
6.000e-03	1.000e-01	-2.500e-01	5.000e-01	4.500e-01	1.513e+01	3.033e+03	
6.000e-03	1.000e-01	-2.500e-01	7.500e-01	0.000e+00	1.362e+00	2.045e+02	
6.000e-03	1.000e-01	-2.500e-01	7.500e-01	1.000e-01	1.529e+00	2.863e+02	
6.000e-03	1.000e-01	-2.500e-01	7.500e-01	2.500e-01	2.642e+00	5.170e+02	
6.000e-03	1.000e-01	-2.500e-01	7.500e-01	4.500e-01	2.977e+01	8.079e+03	
6.000e-03	1.000e-01	-2.500e-01	1.000e+00	0.000e+00	1.840e+00	2.732e+02	
6.000e-03	1.000e-01	-2.500e-01	1.000e+00	1.000e-01	1.884e+00	3.003e+02	
6.000e-03	1.000e-01	-2.500e-01	1.000e+00	2.500e-01	3.439e+00	4.648e+02	
6.000e-03	1.000e-01	-2.500e-01	1.000e+00	4.500e-01	4.159e+01	9.689e+03	
4.000e-02	1.000e-02	-2.500e-01	2.500e-01	0.000e+00	1.902e+01	1.977e+03	
4.000e-02	1.000e-02	-2.500e-01	2.500e-01	1.000e-01	3.217e+01	4.014e+03	
4.000e-02	1.000e-02	-2.500e-01	2.500e-01	2.500e-01	4.193e+00	8.307e+02	
4.000e-02	1.000e-02	-2.500e-01	2.500e-01	4.500e-01	6.912e+00	4.656e+02	
4.000e-02	1.000e-02	-2.500e-01	5.000e-01	0.000e+00	8.793e+00	9.543e+02	
4.000e-02	1.000e-02	-2.500e-01	5.000e-01	1.000e-01	1.338e+01	8.067e+02	
4.000e-02	1.000e-02	-2.500e-01	5.000e-01	2.500e-01	3.570e+00	5.020e+02	
4.000e-02	1.000e-02	-2.500e-01	5.000e-01	4.500e-01	3.150e+01	5.963e+03	
4.000e-02	1.000e-02	-2.500e-01	7.500e-01	0.000e+00	5.667e+00	5.813e+02	
4.000e-02	1.000e-02	-2.500e-01	7.500e-01	1.000e-01	5.088e+00	5.670e+02	
4.000e-02	1.000e-02	-2.500e-01	7.500e-01	2.500e-01	2.674e+00	3.601e+02	
4.000e-02	1.000e-02	-2.500e-01	7.500e-01	4.500e-01	6.522e+01	1.774e+04	
4.000e-02	1.000e-02	-2.500e-01	1.000e+00	0.000e+00	4.274e+00	4.039e+02	
4.000e-02	1.000e-02	-2.500e-01	1.000e+00	1.000e-01	4.268e+00	4.213e+02	
4.000e-02	1.000e-02	-2.500e-01	1.000e+00	2.500e-01	1.120e+00	1.117e+02	
4.000e-02	1.000e-02	-2.500e-01	1.000e+00	4.500e-01	9.144e+01	2.122e+04	
4.000e-02	1.000e-01	-2.500e-01	2.500e-01	0.000e+00	1.110e+02	9.331e+03	
4.000e-02	1.000e-01	-2.500e-01	2.500e-01	1.000e-01	1.827e+02	2.349e+04	
4.000e-02	1.000e-01	-2.500e-01	2.500e-01	2.500e-01	2.974e+01	8.336e+03	
4.000e-02	1.000e-01	-2.500e-01	2.500e-01	4.500e-01	7.984e+00	8.924e+02	
4.000e-02	1.000e-01	-2.500e-01	5.000e-01	0.000e+00	4.897e+01	6.778e+03	
4.000e-02	1.000e-01	-2.500e-01	5.000e-01	1.000e-01	5.205e+01	7.564e+03	
4.000e-02	1.000e-01	-2.500e-01	5.000e-01	2.500e-01	2.111e+01	5.127e+03	
4.000e-02	1.000e-01	-2.500e-01	5.000e-01	4.500e-01	2.842e+00	5.652e+02	
4.000e-02	1.000e-01	-2.500e-01	7.500e-01	0.000e+00	3.112e+01	4.811e+03	
4.000e-02	1.000e-01	-2.500e-01	7.500e-01	1.000e-01	2.781e+01	5.459e+03	
4.000e-02	1.000e-01	-2.500e-01	7.500e-01	2.500e-01	1.549e+01	3.182e+03	
4.000e-02	1.000e-01	-2.500e-01	7.500e-01	4.500e-01	1.447e+00	3.933e+02	
4.000e-02	1.000e-01	-2.500e-01	1.000e+00	0.000e+00	2.340e+01	3.552e+03	
4.000e-02	1.000e-01	-2.500e-01	1.000e+00	1.000e-01	2.280e+01	3.739e+03	
4.000e-02	1.000e-01	-2.500e-01	1.000e+00	2.500e-01	1.170e+01	1.671e+03	
4.000e-02	1.000e-01	-2.500e-01	1.000e+00	4.500e-01	1.035e+00	2.437e+02	
2.000e-03	1.000e-02	-4.500e-01	2.500e-01	0.000e+00	1.603e+04	1.095e+06	
2.000e-03	1.000e-02	-4.500e-01	2.500e-01	1.000e-01	1.387e+03	6.166e+04	
2.000e-03	1.000e-02	-4.500e-01	2.500e-01	2.500e-01	1.394e+02	1.928e+04	
2.000e-03	1.000e-02	-4.500e-01	2.500e-01	4.500e-01	2.658e+02	6.315e+04	
2.000e-03	1.000e-02	-4.500e-01	5.000e-01	0.000e+00	1.039e+04	5.826e+05	
2.000e-03	1.000e-02	-4.500e-01	5.000e-01	1.000e-01	7.520e+01	3.398e+03	
2.000e-03	1.000e-02	-4.500e-01	5.000e-01	2.500e-01	1.930e+02	2.781e+04	
2.000e-03	1.000e-02	-4.500e-01	5.000e-01	4.500e-01	2.929e+02	5.300e+04	
2.000e-03	1.000e-02	-4.500e-01	7.500e-01	0.000e+00	2.442e+03	8.709e+04	
2.000e-03	1.000e-02	-4.500e-01	7.500e-01	1.000e-01	1.239e+02	1.067e+04	
2.000e-03	1.000e-02	-4.500e-01	7.500e-01	2.500e-01	2.361e+02	3.207e+04	
2.000e-03	1.000e-02	-4.500e-01	7.500e-01	4.500e-01	3.406e+02	5.367e+04	
2.000e-03	1.000e-02	-4.500e-01	1.000e+00	0.000e+00	2.707e+02	1.577e+04	
2.000e-03	1.000e-02	-4.500e-01	1.000e+00	1.000e-01	1.682e+02	1.617e+04	
2.000e-03	1.000e-02	-4.500e-01	1.000e+00	2.500e-01	2.713e+02	3.384e+04	
2.000e-03	1.000e-02	-4.500e-01	1.000e+00	4.500e-01	5.557e+02	5.191e+04	
2.000e-03	1.000e-01	-4.500e-01	2.500e-01	0.000e+00	1.751e+02	1.232e+04	
2.000e-03	1.000e-01	-4.500e-01	2.500e-01	1.000e-01	2.323e+01	1.218e+03	
2.000e-03	1.000e-01	-4.500e-01	2.500e-01	2.500e-01	1.953e+01	2.422e+03	
2.000e-03	1.000e-01	-4.500e-01	2.500e-01	4.500e-01	3.630e+01	1.002e+04	
2.000e-03	1.000e-01	-4.500e-01	5.000e-01	0.000e+00	1.243e+02	7.512e+03	
2.000e-03	1.000e-01	-4.500e-01	5.000e-01	1.000e-01	1.572e+01	8.881e+02	
2.000e-03	1.000e-01	-4.500e-01	5.000e-01	2.500e-01	2.917e+01	4.984e+03	
2.000e-03	1.000e-01	-4.500e-01	5.000e-01	4.500e-01	4.727e+01	1.252e+04	
2.000e-03	1.000e-01	-4.500e-01	7.500e-01	0.000e+00	6.403e+01	3.191e+03	
2.000e-03	1.000e-01	-4.500e-01	7.500e-01	1.000e-01	2.078e+01	1.944e+03	
2.000e-03	1.000e-01	-4.500e-01	7.500e-01	2.500e-01	3.700e+01	6.784e+03	
2.000e-03	1.000e-01	-4.500e-01	7.500e-01	4.500e-01	6.220e+01	1.528e+04	
2.000e-03	1.000e-01	-4.500e-01	1.000e+00	0.000e+00	4.431e+01	2.732e+03	
2.000e-03	1.000e-01	-4.500e-01	1.000e+00	1.000e-01	2.812e+01	3.485e+03	
2.000e-03	1.000e-01	-4.500e-01	1.000e+00	2.500e-01	4.354e+01	7.825e+03	
2.000e-03	1.000e-01	-4.500e-01	1.000e+00	4.500e-01	8.269e+01	1.523e+04	
6.000e-03	1.000e-02	-4.500e-01	2.500e-01	0.000e+00	1.780e+03	1.215e+05	
6.000e-03	1.000e-02	-4.500e-01	2.500e-01	1.000e-01	1.532e+02	6.805e+03	
6.000e-03	1.000e-02	-4.500e-01	2.500e-01	2.500e-01	1.550e+01	2.145e+03	
6.000e-03	1.000e-02	-4.500e-01	2.500e-01	4.500e-01	2.956e+01	7.023e+03	
6.000e-03	1.000e-02	-4.500e-01	5.000e-01	0.000e+00	1.153e+03	6.461e+04	
6.000e-03	1.000e-02	-4.500e-01	5.000e-01	1.000e-01	8.367e+00	3.793e+02	
6.000e-03	1.000e-02	-4.500e-01	5.000e-01	2.500e-01	2.145e+01	3.092e+03	
6.000e-03	1.000e-02	-4.500e-01	5.000e-01	4.500e-01	3.258e+01	5.898e+03	
6.000e-03	1.000e-02	-4.500e-01	7.500e-01	0.000e+00	2.701e+02	9.622e+03	
6.000e-03	1.000e-02	-4.500e-01	7.500e-01	1.000e-01	1.377e+01	1.187e+03	
6.000e-03	1.000e-02	-4.500e-01	7.500e-01	2.500e-01	2.624e+01	3.566e+03	
6.000e-03	1.000e-02	-4.500e-01	7.500e-01	4.500e-01	3.791e+01	5.986e+03	
6.000e-03	1.000e-02	-4.500e-01	1.000e+00	0.000e+00	3.009e+01	1.754e+03	
6.000e-03	1.000e-02	-4.500e-01	1.000e+00	1.000e-01	1.870e+01	1.798e+03	
6.000e-03	1.000e-02	-4.500e-01	1.000e+00	2.500e-01	3.015e+01	3.763e+03	
6.000e-03	1.000e-02	-4.500e-01	1.000e+00	4.500e-01	6.234e+01	5.857e+03	
6.000e-03	1.000e-01	-4.500e-01	2.500e-01	0.000e+00	1.944e+01	1.367e+03	
6.000e-03	1.000e-01	-4.500e-01	2.500e-01	1.000e-01	2.576e+00	1.350e+02	
6.000e-03	1.000e-01	-4.500e-01	2.500e-01	2.500e-01	2.172e+00	2.694e+02	
6.000e-03	1.000e-01	-4.500e-01	2.500e-01	4.500e-01	4.035e+00	1.114e+03	
6.000e-03	1.000e-01	-4.500e-01	5.000e-01	0.000e+00	1.380e+01	8.336e+02	
6.000e-03	1.000e-01	-4.500e-01	5.000e-01	1.000e-01	1.747e+00	9.877e+01	
6.000e-03	1.000e-01	-4.500e-01	5.000e-01	2.500e-01	3.243e+00	5.542e+02	
6.000e-03	1.000e-01	-4.500e-01	5.000e-01	4.500e-01	5.255e+00	1.392e+03	
6.000e-03	1.000e-01	-4.500e-01	7.500e-01	0.000e+00	7.107e+00	3.541e+02	
6.000e-03	1.000e-01	-4.500e-01	7.500e-01	1.000e-01	2.311e+00	2.163e+02	
6.000e-03	1.000e-01	-4.500e-01	7.500e-01	2.500e-01	4.113e+00	7.541e+02	
6.000e-03	1.000e-01	-4.500e-01	7.500e-01	4.500e-01	6.917e+00	1.700e+03	
6.000e-03	1.000e-01	-4.500e-01	1.000e+00	0.000e+00	4.924e+00	3.038e+02	
6.000e-03	1.000e-01	-4.500e-01	1.000e+00	1.000e-01	3.126e+00	3.875e+02	
6.000e-03	1.000e-01	-4.500e-01	1.000e+00	2.500e-01	4.839e+00	8.699e+02	
6.000e-03	1.000e-01	-4.500e-01	1.000e+00	4.500e-01	9.197e+00	1.694e+03	
4.000e-02	1.000e-02	-4.500e-01	2.500e-01	0.000e+00	3.803e+01	2.555e+03	
4.000e-02	1.000e-02	-4.500e-01	2.500e-01	1.000e-01	2.564e+00	1.063e+02	
4.000e-02	1.000e-02	-4.500e-01	2.500e-01	2.500e-01	2.749e+00	3.922e+02	
4.000e-02	1.000e-02	-4.500e-01	2.500e-01	4.500e-01	1.458e+00	3.499e+02	
4.000e-02	1.000e-02	-4.500e-01	5.000e-01	0.000e+00	2.413e+01	1.322e+03	
4.000e-02	1.000e-02	-4.500e-01	5.000e-01	1.000e-01	4.970e+00	2.593e+02	
4.000e-02	1.000e-02	-4.500e-01	5.000e-01	2.500e-01	2.019e+00	2.965e+02	
4.000e-02	1.000e-02	-4.500e-01	5.000e-01	4.500e-01	1.307e+00	2.449e+02	
4.000e-02	1.000e-02	-4.500e-01	7.500e-01	0.000e+00	4.718e+00	1.604e+02	
4.000e-02	1.000e-02	-4.500e-01	7.500e-01	1.000e-01	3.115e+00	2.780e+02	
4.000e-02	1.000e-02	-4.500e-01	7.500e-01	2.500e-01	1.662e+00	2.293e+02	
4.000e-02	1.000e-02	-4.500e-01	7.500e-01	4.500e-01	1.080e+00	1.871e+02	
4.000e-02	1.000e-02	-4.500e-01	1.000e+00	0.000e+00	1.456e+00	8.853e+01	
4.000e-02	1.000e-02	-4.500e-01	1.000e+00	1.000e-01	2.323e+00	2.275e+02	
4.000e-02	1.000e-02	-4.500e-01	1.000e+00	2.500e-01	1.453e+00	1.836e+02	
4.000e-02	1.000e-02	-4.500e-01	1.000e+00	4.500e-01	2.324e+00	2.989e+02	
4.000e-02	1.000e-01	-4.500e-01	2.500e-01	0.000e+00	2.388e+00	1.660e+02	
4.000e-02	1.000e-01	-4.500e-01	2.500e-01	1.000e-01	1.901e+01	9.888e+02	
4.000e-02	1.000e-01	-4.500e-01	2.500e-01	2.500e-01	1.979e+01	2.535e+03	
4.000e-02	1.000e-01	-4.500e-01	2.500e-01	4.500e-01	1.077e+01	2.968e+03	
4.000e-02	1.000e-01	-4.500e-01	5.000e-01	0.000e+00	3.392e+00	2.023e+02	
4.000e-02	1.000e-01	-4.500e-01	5.000e-01	1.000e-01	2.535e+01	1.505e+03	
4.000e-02	1.000e-01	-4.500e-01	5.000e-01	2.500e-01	1.342e+01	2.334e+03	
4.000e-02	1.000e-01	-4.500e-01	5.000e-01	4.500e-01	8.241e+00	2.192e+03	
4.000e-02	1.000e-01	-4.500e-01	7.500e-01	0.000e+00	6.572e+00	3.277e+02	
4.000e-02	1.000e-01	-4.500e-01	7.500e-01	1.000e-01	1.873e+01	1.821e+03	
4.000e-02	1.000e-01	-4.500e-01	7.500e-01	2.500e-01	1.064e+01	1.975e+03	
4.000e-02	1.000e-01	-4.500e-01	7.500e-01	4.500e-01	6.187e+00	1.546e+03	
4.000e-02	1.000e-01	-4.500e-01	1.000e+00	0.000e+00	9.002e+00	5.714e+02	
4.000e-02	1.000e-01	-4.500e-01	1.000e+00	1.000e-01	1.397e+01	1.764e+03	
4.000e-02	1.000e-01	-4.500e-01	1.000e+00	2.500e-01	9.075e+00	1.647e+03	
4.000e-02	1.000e-01	-4.500e-01	1.000e+00	4.500e-01	4.585e+00	8.634e+02	

Time spent 6049.890620 seconds. 
 
