2.000e-03	1.000e-02	0.000e+00	2.500e-01	0.000e+00	9.957e+00	8.542e+01	
2.000e-03	1.000e-02	0.000e+00	2.500e-01	1.000e-01	1.284e+00	1.870e+01	
2.000e-03	1.000e-02	0.000e+00	2.500e-01	2.500e-01	1.342e+00	2.406e+01	
2.000e-03	1.000e-02	0.000e+00	2.500e-01	4.500e-01	1.352e+00	2.527e+01	
2.000e-03	1.000e-02	0.000e+00	5.000e-01	0.000e+00	7.567e+00	9.537e+01	
2.000e-03	1.000e-02	0.000e+00	5.000e-01	1.000e-01	1.950e+00	3.992e+01	
2.000e-03	1.000e-02	0.000e+00	5.000e-01	2.500e-01	2.045e+00	4.971e+01	
2.000e-03	1.000e-02	0.000e+00	5.000e-01	4.500e-01	2.064e+00	5.200e+01	
2.000e-03	1.000e-02	0.000e+00	7.500e-01	0.000e+00	5.766e+00	9.531e+01	
2.000e-03	1.000e-02	0.000e+00	7.500e-01	1.000e-01	2.744e+00	5.822e+01	
2.000e-03	1.000e-02	0.000e+00	7.500e-01	2.500e-01	2.956e+00	7.486e+01	
2.000e-03	1.000e-02	0.000e+00	7.500e-01	4.500e-01	3.004e+00	7.914e+01	
2.000e-03	1.000e-02	0.000e+00	1.000e+00	0.000e+00	4.556e+00	9.220e+01	
2.000e-03	1.000e-02	0.000e+00	1.000e+00	1.000e-01	3.436e+00	7.675e+01	
2.000e-03	1.000e-02	0.000e+00	1.000e+00	2.500e-01	3.637e+00	9.228e+01	
2.000e-03	1.000e-02	0.000e+00	1.000e+00	4.500e-01	3.680e+00	9.597e+01	
2.000e-03	1.000e-01	0.000e+00	2.500e-01	0.000e+00	1.156e+00	2.225e+02	
2.000e-03	1.000e-01	0.000e+00	2.500e-01	1.000e-01	3.223e+00	7.906e+02	
2.000e-03	1.000e-01	0.000e+00	2.500e-01	2.500e-01	1.567e+01	4.194e+03	
2.000e-03	1.000e-01	0.000e+00	2.500e-01	4.500e-01	4.111e+01	8.960e+03	
2.000e-03	1.000e-01	0.000e+00	5.000e-01	0.000e+00	1.124e+00	1.303e+02	
2.000e-03	1.000e-01	0.000e+00	5.000e-01	1.000e-01	5.409e+00	1.016e+03	
2.000e-03	1.000e-01	0.000e+00	5.000e-01	2.500e-01	2.198e+01	5.040e+03	
2.000e-03	1.000e-01	0.000e+00	5.000e-01	4.500e-01	5.858e+01	1.502e+04	
2.000e-03	1.000e-01	0.000e+00	7.500e-01	0.000e+00	1.447e+00	1.087e+02	
2.000e-03	1.000e-01	0.000e+00	7.500e-01	1.000e-01	7.524e+00	9.248e+02	
2.000e-03	1.000e-01	0.000e+00	7.500e-01	2.500e-01	2.942e+01	5.590e+03	
2.000e-03	1.000e-01	0.000e+00	7.500e-01	4.500e-01	7.709e+01	1.844e+04	
2.000e-03	1.000e-01	0.000e+00	1.000e+00	0.000e+00	1.811e+00	8.395e+01	
2.000e-03	1.000e-01	0.000e+00	1.000e+00	1.000e-01	9.757e+00	7.589e+02	
2.000e-03	1.000e-01	0.000e+00	1.000e+00	2.500e-01	3.829e+01	5.057e+03	
2.000e-03	1.000e-01	0.000e+00	1.000e+00	4.500e-01	1.025e+02	1.848e+04	
6.000e-03	1.000e-02	0.000e+00	2.500e-01	0.000e+00	4.249e+01	4.486e+02	
6.000e-03	1.000e-02	0.000e+00	2.500e-01	1.000e-01	2.989e+00	2.900e+01	
6.000e-03	1.000e-02	0.000e+00	2.500e-01	2.500e-01	2.626e+00	3.459e+01	
6.000e-03	1.000e-02	0.000e+00	2.500e-01	4.500e-01	2.563e+00	3.745e+01	
6.000e-03	1.000e-02	0.000e+00	5.000e-01	0.000e+00	3.037e+01	2.195e+02	
6.000e-03	1.000e-02	0.000e+00	5.000e-01	1.000e-01	1.668e+00	2.424e+01	
6.000e-03	1.000e-02	0.000e+00	5.000e-01	2.500e-01	1.416e+00	2.950e+01	
6.000e-03	1.000e-02	0.000e+00	5.000e-01	4.500e-01	1.371e+00	3.170e+01	
6.000e-03	1.000e-02	0.000e+00	7.500e-01	0.000e+00	2.080e+01	2.095e+02	
6.000e-03	1.000e-02	0.000e+00	7.500e-01	1.000e-01	1.125e+00	1.637e+01	
6.000e-03	1.000e-02	0.000e+00	7.500e-01	2.500e-01	1.063e+00	2.311e+01	
6.000e-03	1.000e-02	0.000e+00	7.500e-01	4.500e-01	1.104e+00	2.695e+01	
6.000e-03	1.000e-02	0.000e+00	1.000e+00	0.000e+00	1.501e+01	2.242e+02	
6.000e-03	1.000e-02	0.000e+00	1.000e+00	1.000e-01	1.228e+00	1.985e+01	
6.000e-03	1.000e-02	0.000e+00	1.000e+00	2.500e-01	1.478e+00	3.400e+01	
6.000e-03	1.000e-02	0.000e+00	1.000e+00	4.500e-01	1.524e+00	3.843e+01	
6.000e-03	1.000e-01	0.000e+00	2.500e-01	0.000e+00	1.027e+01	1.987e+03	
6.000e-03	1.000e-01	0.000e+00	2.500e-01	1.000e-01	2.780e+00	6.824e+02	
6.000e-03	1.000e-01	0.000e+00	2.500e-01	2.500e-01	1.743e+00	4.667e+02	
6.000e-03	1.000e-01	0.000e+00	2.500e-01	4.500e-01	4.656e+00	1.056e+03	
6.000e-03	1.000e-01	0.000e+00	5.000e-01	0.000e+00	7.896e+00	9.238e+02	
6.000e-03	1.000e-01	0.000e+00	5.000e-01	1.000e-01	1.656e+00	3.119e+02	
6.000e-03	1.000e-01	0.000e+00	5.000e-01	2.500e-01	2.446e+00	5.611e+02	
6.000e-03	1.000e-01	0.000e+00	5.000e-01	4.500e-01	6.513e+00	1.670e+03	
6.000e-03	1.000e-01	0.000e+00	7.500e-01	0.000e+00	6.124e+00	4.660e+02	
6.000e-03	1.000e-01	0.000e+00	7.500e-01	1.000e-01	1.190e+00	1.468e+02	
6.000e-03	1.000e-01	0.000e+00	7.500e-01	2.500e-01	3.275e+00	6.228e+02	
6.000e-03	1.000e-01	0.000e+00	7.500e-01	4.500e-01	8.573e+00	2.051e+03	
6.000e-03	1.000e-01	0.000e+00	1.000e+00	0.000e+00	4.888e+00	2.298e+02	
6.000e-03	1.000e-01	0.000e+00	1.000e+00	1.000e-01	1.090e+00	8.513e+01	
6.000e-03	1.000e-01	0.000e+00	1.000e+00	2.500e-01	4.263e+00	5.636e+02	
6.000e-03	1.000e-01	0.000e+00	1.000e+00	4.500e-01	1.140e+01	2.056e+03	
4.000e-02	1.000e-02	0.000e+00	2.500e-01	0.000e+00	7.563e+01	1.155e+04	
4.000e-02	1.000e-02	0.000e+00	2.500e-01	1.000e-01	1.428e+01	2.980e+03	
4.000e-02	1.000e-02	0.000e+00	2.500e-01	2.500e-01	3.370e+00	6.533e+02	
4.000e-02	1.000e-02	0.000e+00	2.500e-01	4.500e-01	1.187e+00	2.726e+02	
4.000e-02	1.000e-02	0.000e+00	5.000e-01	0.000e+00	5.282e+01	5.063e+03	
4.000e-02	1.000e-02	0.000e+00	5.000e-01	1.000e-01	9.830e+00	1.110e+03	
4.000e-02	1.000e-02	0.000e+00	5.000e-01	2.500e-01	2.880e+00	3.951e+02	
4.000e-02	1.000e-02	0.000e+00	5.000e-01	4.500e-01	1.055e+00	1.925e+02	
4.000e-02	1.000e-02	0.000e+00	7.500e-01	0.000e+00	2.583e+01	2.349e+03	
4.000e-02	1.000e-02	0.000e+00	7.500e-01	1.000e-01	5.946e+00	6.245e+02	
4.000e-02	1.000e-02	0.000e+00	7.500e-01	2.500e-01	2.158e+00	2.837e+02	
4.000e-02	1.000e-02	0.000e+00	7.500e-01	4.500e-01	1.147e+00	1.936e+02	
4.000e-02	1.000e-02	0.000e+00	1.000e+00	0.000e+00	5.854e+00	3.809e+02	
4.000e-02	1.000e-02	0.000e+00	1.000e+00	1.000e-01	1.653e+00	1.190e+02	
4.000e-02	1.000e-02	0.000e+00	1.000e+00	2.500e-01	1.388e+00	1.362e+02	
4.000e-02	1.000e-02	0.000e+00	1.000e+00	4.500e-01	2.880e+00	3.647e+02	
4.000e-02	1.000e-01	0.000e+00	2.500e-01	0.000e+00	2.810e+02	6.291e+04	
4.000e-02	1.000e-01	0.000e+00	2.500e-01	1.000e-01	1.015e+02	2.535e+04	
4.000e-02	1.000e-01	0.000e+00	2.500e-01	2.500e-01	2.400e+01	6.459e+03	
4.000e-02	1.000e-01	0.000e+00	2.500e-01	4.500e-01	8.689e+00	2.276e+03	
4.000e-02	1.000e-01	0.000e+00	5.000e-01	0.000e+00	2.072e+02	3.296e+04	
4.000e-02	1.000e-01	0.000e+00	5.000e-01	1.000e-01	5.949e+01	1.258e+04	
4.000e-02	1.000e-01	0.000e+00	5.000e-01	2.500e-01	1.703e+01	4.002e+03	
4.000e-02	1.000e-01	0.000e+00	5.000e-01	4.500e-01	6.649e+00	1.706e+03	
4.000e-02	1.000e-01	0.000e+00	7.500e-01	0.000e+00	1.511e+02	1.764e+04	
4.000e-02	1.000e-01	0.000e+00	7.500e-01	1.000e-01	4.186e+01	6.103e+03	
4.000e-02	1.000e-01	0.000e+00	7.500e-01	2.500e-01	1.250e+01	2.494e+03	
4.000e-02	1.000e-01	0.000e+00	7.500e-01	4.500e-01	4.992e+00	1.209e+03	
4.000e-02	1.000e-01	0.000e+00	1.000e+00	0.000e+00	1.151e+02	8.819e+03	
4.000e-02	1.000e-01	0.000e+00	1.000e+00	1.000e-01	3.167e+01	2.967e+03	
4.000e-02	1.000e-01	0.000e+00	1.000e+00	2.500e-01	9.438e+00	1.317e+03	
4.000e-02	1.000e-01	0.000e+00	1.000e+00	4.500e-01	3.700e+00	6.781e+02	
2.000e-03	1.000e-02	-1.000e-01	2.500e-01	0.000e+00	3.394e+00	4.314e+02	
2.000e-03	1.000e-02	-1.000e-01	2.500e-01	1.000e-01	1.936e+01	3.237e+03	
2.000e-03	1.000e-02	-1.000e-01	2.500e-01	2.500e-01	9.324e+01	1.114e+04	
2.000e-03	1.000e-02	-1.000e-01	2.500e-01	4.500e-01	4.085e+02	6.705e+04	
2.000e-03	1.000e-02	-1.000e-01	5.000e-01	0.000e+00	9.381e+00	7.065e+02	
2.000e-03	1.000e-02	-1.000e-01	5.000e-01	1.000e-01	2.344e+01	1.321e+03	
2.000e-03	1.000e-02	-1.000e-01	5.000e-01	2.500e-01	3.243e+02	2.835e+04	
2.000e-03	1.000e-02	-1.000e-01	5.000e-01	4.500e-01	6.906e+02	5.970e+04	
2.000e-03	1.000e-02	-1.000e-01	7.500e-01	0.000e+00	1.540e+01	9.960e+02	
2.000e-03	1.000e-02	-1.000e-01	7.500e-01	1.000e-01	2.995e+01	1.126e+03	
2.000e-03	1.000e-02	-1.000e-01	7.500e-01	2.500e-01	5.152e+03	1.185e+06	
2.000e-03	1.000e-02	-1.000e-01	7.500e-01	4.500e-01	1.655e+04	4.006e+06	
2.000e-03	1.000e-02	-1.000e-01	1.000e+00	0.000e+00	2.089e+01	1.249e+03	
2.000e-03	1.000e-02	-1.000e-01	1.000e+00	1.000e-01	4.225e+01	7.092e+02	
2.000e-03	1.000e-02	-1.000e-01	1.000e+00	2.500e-01	7.256e+03	9.946e+05	
2.000e-03	1.000e-02	-1.000e-01	1.000e+00	4.500e-01	2.795e+04	5.722e+06	
2.000e-03	1.000e-01	-1.000e-01	2.500e-01	0.000e+00	1.269e+00	2.409e+02	
2.000e-03	1.000e-01	-1.000e-01	2.500e-01	1.000e-01	3.223e+00	7.936e+02	
2.000e-03	1.000e-01	-1.000e-01	2.500e-01	2.500e-01	1.172e+01	2.120e+03	
2.000e-03	1.000e-01	-1.000e-01	2.500e-01	4.500e-01	4.581e+01	8.275e+03	
2.000e-03	1.000e-01	-1.000e-01	5.000e-01	0.000e+00	2.753e+00	4.811e+02	
2.000e-03	1.000e-01	-1.000e-01	5.000e-01	1.000e-01	5.409e+00	1.017e+03	
2.000e-03	1.000e-01	-1.000e-01	5.000e-01	2.500e-01	2.940e+01	6.421e+03	
2.000e-03	1.000e-01	-1.000e-01	5.000e-01	4.500e-01	8.479e+01	1.475e+04	
2.000e-03	1.000e-01	-1.000e-01	7.500e-01	0.000e+00	4.341e+00	5.926e+02	
2.000e-03	1.000e-01	-1.000e-01	7.500e-01	1.000e-01	7.524e+00	9.249e+02	
2.000e-03	1.000e-01	-1.000e-01	7.500e-01	2.500e-01	6.269e+01	1.425e+04	
2.000e-03	1.000e-01	-1.000e-01	7.500e-01	4.500e-01	2.136e+02	5.834e+04	
2.000e-03	1.000e-01	-1.000e-01	1.000e+00	0.000e+00	5.797e+00	6.552e+02	
2.000e-03	1.000e-01	-1.000e-01	1.000e+00	1.000e-01	9.757e+00	7.585e+02	
2.000e-03	1.000e-01	-1.000e-01	1.000e+00	2.500e-01	8.736e+01	1.317e+04	
2.000e-03	1.000e-01	-1.000e-01	1.000e+00	4.500e-01	3.164e+02	6.721e+04	
6.000e-03	1.000e-02	-1.000e-01	2.500e-01	0.000e+00	2.524e+00	3.322e+02	
6.000e-03	1.000e-02	-1.000e-01	2.500e-01	1.000e-01	2.175e+00	3.673e+02	
6.000e-03	1.000e-02	-1.000e-01	2.500e-01	2.500e-01	1.037e+01	1.237e+03	
6.000e-03	1.000e-02	-1.000e-01	2.500e-01	4.500e-01	4.541e+01	7.451e+03	
6.000e-03	1.000e-02	-1.000e-01	5.000e-01	0.000e+00	1.058e+00	8.047e+01	
6.000e-03	1.000e-02	-1.000e-01	5.000e-01	1.000e-01	2.640e+00	1.513e+02	
6.000e-03	1.000e-02	-1.000e-01	5.000e-01	2.500e-01	3.608e+01	3.146e+03	
6.000e-03	1.000e-02	-1.000e-01	5.000e-01	4.500e-01	7.678e+01	6.627e+03	
6.000e-03	1.000e-02	-1.000e-01	7.500e-01	0.000e+00	1.725e+00	1.121e+02	
6.000e-03	1.000e-02	-1.000e-01	7.500e-01	1.000e-01	3.408e+00	1.328e+02	
6.000e-03	1.000e-02	-1.000e-01	7.500e-01	2.500e-01	5.737e+02	1.321e+05	
6.000e-03	1.000e-02	-1.000e-01	7.500e-01	4.500e-01	1.840e+03	4.455e+05	
6.000e-03	1.000e-02	-1.000e-01	1.000e+00	0.000e+00	2.335e+00	1.402e+02	
6.000e-03	1.000e-02	-1.000e-01	1.000e+00	1.000e-01	4.914e+00	8.573e+01	
6.000e-03	1.000e-02	-1.000e-01	1.000e+00	2.500e-01	8.081e+02	1.109e+05	
6.000e-03	1.000e-02	-1.000e-01	1.000e+00	4.500e-01	3.109e+03	6.367e+05	
6.000e-03	1.000e-01	-1.000e-01	2.500e-01	0.000e+00	7.022e+00	1.337e+03	
6.000e-03	1.000e-01	-1.000e-01	2.500e-01	1.000e-01	2.780e+00	6.850e+02	
6.000e-03	1.000e-01	-1.000e-01	2.500e-01	2.500e-01	1.304e+00	2.355e+02	
6.000e-03	1.000e-01	-1.000e-01	2.500e-01	4.500e-01	5.092e+00	9.193e+02	
6.000e-03	1.000e-01	-1.000e-01	5.000e-01	0.000e+00	3.248e+00	5.694e+02	
6.000e-03	1.000e-01	-1.000e-01	5.000e-01	1.000e-01	1.656e+00	3.123e+02	
6.000e-03	1.000e-01	-1.000e-01	5.000e-01	2.500e-01	3.271e+00	7.133e+02	
6.000e-03	1.000e-01	-1.000e-01	5.000e-01	4.500e-01	9.426e+00	1.638e+03	
6.000e-03	1.000e-01	-1.000e-01	7.500e-01	0.000e+00	2.064e+00	2.824e+02	
6.000e-03	1.000e-01	-1.000e-01	7.500e-01	1.000e-01	1.190e+00	1.468e+02	
6.000e-03	1.000e-01	-1.000e-01	7.500e-01	2.500e-01	6.979e+00	1.588e+03	
6.000e-03	1.000e-01	-1.000e-01	7.500e-01	4.500e-01	2.376e+01	6.488e+03	
6.000e-03	1.000e-01	-1.000e-01	1.000e+00	0.000e+00	1.548e+00	1.752e+02	
6.000e-03	1.000e-01	-1.000e-01	1.000e+00	1.000e-01	1.090e+00	8.509e+01	
6.000e-03	1.000e-01	-1.000e-01	1.000e+00	2.500e-01	9.726e+00	1.468e+03	
6.000e-03	1.000e-01	-1.000e-01	1.000e+00	4.500e-01	3.519e+01	7.477e+03	
4.000e-02	1.000e-02	-1.000e-01	2.500e-01	0.000e+00	4.102e+01	7.583e+03	
4.000e-02	1.000e-02	-1.000e-01	2.500e-01	1.000e-01	1.428e+01	2.985e+03	
4.000e-02	1.000e-02	-1.000e-01	2.500e-01	2.500e-01	4.025e+00	4.479e+02	
4.000e-02	1.000e-02	-1.000e-01	2.500e-01	4.500e-01	1.052e+00	1.684e+02	
4.000e-02	1.000e-02	-1.000e-01	5.000e-01	0.000e+00	2.373e+01	2.616e+03	
4.000e-02	1.000e-02	-1.000e-01	5.000e-01	1.000e-01	9.831e+00	1.111e+03	
4.000e-02	1.000e-02	-1.000e-01	5.000e-01	2.500e-01	1.168e+00	9.125e+01	
4.000e-02	1.000e-02	-1.000e-01	5.000e-01	4.500e-01	1.774e+00	1.417e+02	
4.000e-02	1.000e-02	-1.000e-01	7.500e-01	0.000e+00	1.830e+01	1.489e+03	
4.000e-02	1.000e-02	-1.000e-01	7.500e-01	1.000e-01	5.946e+00	6.248e+02	
4.000e-02	1.000e-02	-1.000e-01	7.500e-01	2.500e-01	1.433e+01	3.436e+03	
4.000e-02	1.000e-02	-1.000e-01	7.500e-01	4.500e-01	4.351e+01	1.053e+04	
4.000e-02	1.000e-02	-1.000e-01	1.000e+00	0.000e+00	1.505e+01	1.046e+03	
4.000e-02	1.000e-02	-1.000e-01	1.000e+00	1.000e-01	1.653e+00	1.185e+02	
4.000e-02	1.000e-02	-1.000e-01	1.000e+00	2.500e-01	2.027e+01	2.985e+03	
4.000e-02	1.000e-02	-1.000e-01	1.000e+00	4.500e-01	7.336e+01	1.533e+04	
4.000e-02	1.000e-01	-1.000e-01	2.500e-01	0.000e+00	2.118e+02	4.352e+04	
4.000e-02	1.000e-01	-1.000e-01	2.500e-01	1.000e-01	1.015e+02	2.539e+04	
4.000e-02	1.000e-01	-1.000e-01	2.500e-01	2.500e-01	3.221e+01	5.480e+03	
4.000e-02	1.000e-01	-1.000e-01	2.500e-01	4.500e-01	8.519e+00	1.495e+03	
4.000e-02	1.000e-01	-1.000e-01	5.000e-01	0.000e+00	1.096e+02	2.188e+04	
4.000e-02	1.000e-01	-1.000e-01	5.000e-01	1.000e-01	5.949e+01	1.259e+04	
4.000e-02	1.000e-01	-1.000e-01	5.000e-01	2.500e-01	1.288e+01	2.652e+03	
4.000e-02	1.000e-01	-1.000e-01	5.000e-01	4.500e-01	4.583e+00	7.733e+02	
4.000e-02	1.000e-01	-1.000e-01	7.500e-01	0.000e+00	7.607e+01	1.142e+04	
4.000e-02	1.000e-01	-1.000e-01	7.500e-01	1.000e-01	4.186e+01	6.104e+03	
4.000e-02	1.000e-01	-1.000e-01	7.500e-01	2.500e-01	5.822e+00	1.371e+03	
4.000e-02	1.000e-01	-1.000e-01	7.500e-01	4.500e-01	1.799e+00	4.908e+02	
4.000e-02	1.000e-01	-1.000e-01	1.000e+00	0.000e+00	5.967e+01	7.204e+03	
4.000e-02	1.000e-01	-1.000e-01	1.000e+00	1.000e-01	3.167e+01	2.967e+03	
4.000e-02	1.000e-01	-1.000e-01	1.000e+00	2.500e-01	4.162e+00	6.641e+02	
4.000e-02	1.000e-01	-1.000e-01	1.000e+00	4.500e-01	1.211e+00	2.616e+02	
2.000e-03	1.000e-02	-2.500e-01	2.500e-01	0.000e+00	1.800e+01	1.514e+03	
2.000e-03	1.000e-02	-2.500e-01	2.500e-01	1.000e-01	7.042e+00	6.248e+02	
2.000e-03	1.000e-02	-2.500e-01	2.500e-01	2.500e-01	1.075e+02	1.969e+04	
2.000e-03	1.000e-02	-2.500e-01	2.500e-01	4.500e-01	2.978e+03	1.720e+05	
2.000e-03	1.000e-02	-2.500e-01	5.000e-01	0.000e+00	4.966e+01	4.776e+03	
2.000e-03	1.000e-02	-2.500e-01	5.000e-01	1.000e-01	3.930e+01	2.352e+03	
2.000e-03	1.000e-02	-2.500e-01	5.000e-01	2.500e-01	1.221e+02	1.467e+04	
2.000e-03	1.000e-02	-2.500e-01	5.000e-01	4.500e-01	1.504e+04	2.733e+06	
2.000e-03	1.000e-02	-2.500e-01	7.500e-01	0.000e+00	8.174e+01	7.612e+03	
2.000e-03	1.000e-02	-2.500e-01	7.500e-01	1.000e-01	9.165e+01	9.197e+03	
2.000e-03	1.000e-02	-2.500e-01	7.500e-01	2.500e-01	1.475e+02	1.451e+04	
2.000e-03	1.000e-02	-2.500e-01	7.500e-01	4.500e-01	3.127e+04	8.217e+06	
2.000e-03	1.000e-02	-2.500e-01	1.000e+00	0.000e+00	1.110e+02	9.657e+03	
2.000e-03	1.000e-02	-2.500e-01	1.000e+00	1.000e-01	1.111e+02	9.988e+03	
2.000e-03	1.000e-02	-2.500e-01	1.000e+00	2.500e-01	2.274e+02	1.133e+04	
2.000e-03	1.000e-02	-2.500e-01	1.000e+00	4.500e-01	4.380e+04	9.743e+06	
2.000e-03	1.000e-01	-2.500e-01	2.500e-01	0.000e+00	3.590e+00	2.538e+02	
2.000e-03	1.000e-01	-2.500e-01	2.500e-01	1.000e-01	1.873e+00	2.009e+02	
2.000e-03	1.000e-01	-2.500e-01	2.500e-01	2.500e-01	1.567e+01	4.252e+03	
2.000e-03	1.000e-01	-2.500e-01	2.500e-01	4.500e-01	5.894e+01	6.187e+03	
2.000e-03	1.000e-01	-2.500e-01	5.000e-01	0.000e+00	9.278e+00	1.161e+03	
2.000e-03	1.000e-01	-2.500e-01	5.000e-01	1.000e-01	9.644e+00	1.444e+03	
2.000e-03	1.000e-01	-2.500e-01	5.000e-01	2.500e-01	2.198e+01	5.058e+03	
2.000e-03	1.000e-01	-2.500e-01	5.000e-01	4.500e-01	1.687e+02	3.236e+04	
2.000e-03	1.000e-01	-2.500e-01	7.500e-01	0.000e+00	1.517e+01	2.165e+03	
2.000e-03	1.000e-01	-2.500e-01	7.500e-01	1.000e-01	1.704e+01	3.058e+03	
2.000e-03	1.000e-01	-2.500e-01	7.500e-01	2.500e-01	2.942e+01	5.592e+03	
2.000e-03	1.000e-01	-2.500e-01	7.500e-01	4.500e-01	3.319e+02	8.714e+04	
2.000e-03	1.000e-01	-2.500e-01	1.000e+00	0.000e+00	2.051e+01	2.897e+03	
2.000e-03	1.000e-01	-2.500e-01	1.000e+00	1.000e-01	2.100e+01	3.211e+03	
2.000e-03	1.000e-01	-2.500e-01	1.000e+00	2.500e-01	3.829e+01	5.051e+03	
2.000e-03	1.000e-01	-2.500e-01	1.000e+00	4.500e-01	4.636e+02	1.047e+05	
6.000e-03	1.000e-02	-2.500e-01	2.500e-01	0.000e+00	2.018e+00	1.704e+02	
6.000e-03	1.000e-02	-2.500e-01	2.500e-01	1.000e-01	1.249e+00	1.118e+02	
6.000e-03	1.000e-02	-2.500e-01	2.500e-01	2.500e-01	1.196e+01	2.195e+03	
6.000e-03	1.000e-02	-2.500e-01	2.500e-01	4.500e-01	3.319e+02	1.920e+04	
6.000e-03	1.000e-02	-2.500e-01	5.000e-01	0.000e+00	5.533e+00	5.329e+02	
6.000e-03	1.000e-02	-2.500e-01	5.000e-01	1.000e-01	4.352e+00	2.597e+02	
6.000e-03	1.000e-02	-2.500e-01	5.000e-01	2.500e-01	1.360e+01	1.638e+03	
6.000e-03	1.000e-02	-2.500e-01	5.000e-01	4.500e-01	1.672e+03	3.038e+05	
6.000e-03	1.000e-02	-2.500e-01	7.500e-01	0.000e+00	9.095e+00	8.479e+02	
6.000e-03	1.000e-02	-2.500e-01	7.500e-01	1.000e-01	1.020e+01	1.024e+03	
6.000e-03	1.000e-02	-2.500e-01	7.500e-01	2.500e-01	1.646e+01	1.631e+03	
6.000e-03	1.000e-02	-2.500e-01	7.500e-01	4.500e-01	3.477e+03	9.136e+05	
6.000e-03	1.000e-02	-2.500e-01	1.000e+00	0.000e+00	1.234e+01	1.075e+03	
6.000e-03	1.000e-02	-2.500e-01	1.000e+00	1.000e-01	1.236e+01	1.112e+03	
6.000e-03	1.000e-02	-2.500e-01	1.000e+00	2.500e-01	2.572e+01	1.299e+03	
6.000e-03	1.000e-02	-2.500e-01	1.000e+00	4.500e-01	4.870e+03	1.084e+06	
6.000e-03	1.000e-01	-2.500e-01	2.500e-01	0.000e+00	2.495e+00	1.768e+02	
6.000e-03	1.000e-01	-2.500e-01	2.500e-01	1.000e-01	4.763e+00	5.124e+02	
6.000e-03	1.000e-01	-2.500e-01	2.500e-01	2.500e-01	1.743e+00	4.730e+02	
6.000e-03	1.000e-01	-2.500e-01	2.500e-01	4.500e-01	6.556e+00	6.881e+02	
6.000e-03	1.000e-01	-2.500e-01	5.000e-01	0.000e+00	1.033e+00	1.294e+02	
6.000e-03	1.000e-01	-2.500e-01	5.000e-01	1.000e-01	1.071e+00	1.599e+02	
6.000e-03	1.000e-01	-2.500e-01	5.000e-01	2.500e-01	2.446e+00	5.631e+02	
6.000e-03	1.000e-01	-2.500e-01	5.000e-01	4.500e-01	1.875e+01	3.598e+03	
6.000e-03	1.000e-01	-2.500e-01	7.500e-01	0.000e+00	1.688e+00	2.410e+02	
6.000e-03	1.000e-01	-2.500e-01	7.500e-01	1.000e-01	1.895e+00	3.404e+02	
6.000e-03	1.000e-01	-2.500e-01	7.500e-01	2.500e-01	3.275e+00	6.230e+02	
6.000e-03	1.000e-01	-2.500e-01	7.500e-01	4.500e-01	3.690e+01	9.689e+03	
6.000e-03	1.000e-01	-2.500e-01	1.000e+00	0.000e+00	2.280e+00	3.222e+02	
6.000e-03	1.000e-01	-2.500e-01	1.000e+00	1.000e-01	2.335e+00	3.572e+02	
6.000e-03	1.000e-01	-2.500e-01	1.000e+00	2.500e-01	4.263e+00	5.630e+02	
6.000e-03	1.000e-01	-2.500e-01	1.000e+00	4.500e-01	5.154e+01	1.165e+04	
4.000e-02	1.000e-02	-2.500e-01	2.500e-01	0.000e+00	1.535e+01	1.513e+03	
4.000e-02	1.000e-02	-2.500e-01	2.500e-01	1.000e-01	2.596e+01	3.102e+03	
4.000e-02	1.000e-02	-2.500e-01	2.500e-01	2.500e-01	3.383e+00	6.518e+02	
4.000e-02	1.000e-02	-2.500e-01	2.500e-01	4.500e-01	8.567e+00	5.352e+02	
4.000e-02	1.000e-02	-2.500e-01	5.000e-01	0.000e+00	7.094e+00	7.317e+02	
4.000e-02	1.000e-02	-2.500e-01	5.000e-01	1.000e-01	1.080e+01	6.103e+02	
4.000e-02	1.000e-02	-2.500e-01	5.000e-01	2.500e-01	2.880e+00	3.950e+02	
4.000e-02	1.000e-02	-2.500e-01	5.000e-01	4.500e-01	3.904e+01	7.063e+03	
4.000e-02	1.000e-02	-2.500e-01	7.500e-01	0.000e+00	4.572e+00	4.456e+02	
4.000e-02	1.000e-02	-2.500e-01	7.500e-01	1.000e-01	4.105e+00	4.338e+02	
4.000e-02	1.000e-02	-2.500e-01	7.500e-01	2.500e-01	2.158e+00	2.837e+02	
4.000e-02	1.000e-02	-2.500e-01	7.500e-01	4.500e-01	8.083e+01	2.127e+04	
4.000e-02	1.000e-02	-2.500e-01	1.000e+00	0.000e+00	3.448e+00	3.102e+02	
4.000e-02	1.000e-02	-2.500e-01	1.000e+00	1.000e-01	3.444e+00	3.217e+02	
4.000e-02	1.000e-02	-2.500e-01	1.000e+00	2.500e-01	1.388e+00	1.351e+02	
4.000e-02	1.000e-02	-2.500e-01	1.000e+00	4.500e-01	1.133e+02	2.551e+04	
4.000e-02	1.000e-01	-2.500e-01	2.500e-01	0.000e+00	8.952e+01	7.063e+03	
4.000e-02	1.000e-01	-2.500e-01	2.500e-01	1.000e-01	1.474e+02	1.803e+04	
4.000e-02	1.000e-01	-2.500e-01	2.500e-01	2.500e-01	2.400e+01	6.506e+03	
4.000e-02	1.000e-01	-2.500e-01	2.500e-01	4.500e-01	6.442e+00	6.765e+02	
4.000e-02	1.000e-01	-2.500e-01	5.000e-01	0.000e+00	3.951e+01	5.183e+03	
4.000e-02	1.000e-01	-2.500e-01	5.000e-01	1.000e-01	4.200e+01	5.799e+03	
4.000e-02	1.000e-01	-2.500e-01	5.000e-01	2.500e-01	1.703e+01	4.011e+03	
4.000e-02	1.000e-01	-2.500e-01	5.000e-01	4.500e-01	2.293e+00	4.364e+02	
4.000e-02	1.000e-01	-2.500e-01	7.500e-01	0.000e+00	2.511e+01	3.692e+03	
4.000e-02	1.000e-01	-2.500e-01	7.500e-01	1.000e-01	2.244e+01	4.233e+03	
4.000e-02	1.000e-01	-2.500e-01	7.500e-01	2.500e-01	1.250e+01	2.495e+03	
4.000e-02	1.000e-01	-2.500e-01	7.500e-01	4.500e-01	1.168e+00	3.070e+02	
4.000e-02	1.000e-01	-2.500e-01	1.000e+00	0.000e+00	1.888e+01	2.729e+03	
4.000e-02	1.000e-01	-2.500e-01	1.000e+00	1.000e-01	1.839e+01	2.901e+03	
4.000e-02	1.000e-01	-2.500e-01	1.000e+00	2.500e-01	9.438e+00	1.317e+03	
4.000e-02	1.000e-01	-2.500e-01	1.000e+00	4.500e-01	1.198e+00	2.735e+02	
2.000e-03	1.000e-02	-4.500e-01	2.500e-01	0.000e+00	1.987e+04	1.262e+06	
2.000e-03	1.000e-02	-4.500e-01	2.500e-01	1.000e-01	1.718e+03	7.162e+04	
2.000e-03	1.000e-02	-4.500e-01	2.500e-01	2.500e-01	1.728e+02	2.276e+04	
2.000e-03	1.000e-02	-4.500e-01	2.500e-01	4.500e-01	3.295e+02	7.609e+04	
2.000e-03	1.000e-02	-4.500e-01	5.000e-01	0.000e+00	1.288e+04	6.712e+05	
2.000e-03	1.000e-02	-4.500e-01	5.000e-01	1.000e-01	9.320e+01	4.064e+03	
2.000e-03	1.000e-02	-4.500e-01	5.000e-01	2.500e-01	2.392e+02	3.284e+04	
2.000e-03	1.000e-02	-4.500e-01	5.000e-01	4.500e-01	3.631e+02	6.388e+04	
2.000e-03	1.000e-02	-4.500e-01	7.500e-01	0.000e+00	3.027e+03	1.024e+05	
2.000e-03	1.000e-02	-4.500e-01	7.500e-01	1.000e-01	1.535e+02	1.251e+04	
2.000e-03	1.000e-02	-4.500e-01	7.500e-01	2.500e-01	2.926e+02	3.786e+04	
2.000e-03	1.000e-02	-4.500e-01	7.500e-01	4.500e-01	4.222e+02	6.475e+04	
2.000e-03	1.000e-02	-4.500e-01	1.000e+00	0.000e+00	3.356e+02	1.872e+04	
2.000e-03	1.000e-02	-4.500e-01	1.000e+00	1.000e-01	2.085e+02	1.898e+04	
2.000e-03	1.000e-02	-4.500e-01	1.000e+00	2.500e-01	3.362e+02	3.990e+04	
2.000e-03	1.000e-02	-4.500e-01	1.000e+00	4.500e-01	6.888e+02	6.260e+04	
2.000e-03	1.000e-01	-4.500e-01	2.500e-01	0.000e+00	2.170e+02	1.420e+04	
2.000e-03	1.000e-01	-4.500e-01	2.500e-01	1.000e-01	2.880e+01	1.407e+03	
2.000e-03	1.000e-01	-4.500e-01	2.500e-01	2.500e-01	2.421e+01	2.834e+03	
2.000e-03	1.000e-01	-4.500e-01	2.500e-01	4.500e-01	4.499e+01	1.201e+04	
2.000e-03	1.000e-01	-4.500e-01	5.000e-01	0.000e+00	1.541e+02	8.653e+03	
2.000e-03	1.000e-01	-4.500e-01	5.000e-01	1.000e-01	1.948e+01	1.030e+03	
2.000e-03	1.000e-01	-4.500e-01	5.000e-01	2.500e-01	3.615e+01	5.879e+03	
2.000e-03	1.000e-01	-4.500e-01	5.000e-01	4.500e-01	5.858e+01	1.504e+04	
2.000e-03	1.000e-01	-4.500e-01	7.500e-01	0.000e+00	7.936e+01	3.690e+03	
2.000e-03	1.000e-01	-4.500e-01	7.500e-01	1.000e-01	2.576e+01	2.265e+03	
2.000e-03	1.000e-01	-4.500e-01	7.500e-01	2.500e-01	4.586e+01	8.020e+03	
2.000e-03	1.000e-01	-4.500e-01	7.500e-01	4.500e-01	7.709e+01	1.838e+04	
2.000e-03	1.000e-01	-4.500e-01	1.000e+00	0.000e+00	5.492e+01	3.173e+03	
2.000e-03	1.000e-01	-4.500e-01	1.000e+00	1.000e-01	3.486e+01	4.085e+03	
2.000e-03	1.000e-01	-4.500e-01	1.000e+00	2.500e-01	5.397e+01	9.255e+03	
2.000e-03	1.000e-01	-4.500e-01	1.000e+00	4.500e-01	1.025e+02	1.836e+04	
6.000e-03	1.000e-02	-4.500e-01	2.500e-01	0.000e+00	2.206e+03	1.400e+05	
6.000e-03	1.000e-02	-4.500e-01	2.500e-01	1.000e-01	1.899e+02	7.905e+03	
6.000e-03	1.000e-02	-4.500e-01	2.500e-01	2.500e-01	1.922e+01	2.533e+03	
6.000e-03	1.000e-02	-4.500e-01	2.500e-01	4.500e-01	3.663e+01	8.462e+03	
6.000e-03	1.000e-02	-4.500e-01	5.000e-01	0.000e+00	1.429e+03	7.443e+04	
6.000e-03	1.000e-02	-4.500e-01	5.000e-01	1.000e-01	1.037e+01	4.537e+02	
6.000e-03	1.000e-02	-4.500e-01	5.000e-01	2.500e-01	2.659e+01	3.653e+03	
6.000e-03	1.000e-02	-4.500e-01	5.000e-01	4.500e-01	4.038e+01	7.109e+03	
6.000e-03	1.000e-02	-4.500e-01	7.500e-01	0.000e+00	3.347e+02	1.131e+04	
6.000e-03	1.000e-02	-4.500e-01	7.500e-01	1.000e-01	1.707e+01	1.392e+03	
6.000e-03	1.000e-02	-4.500e-01	7.500e-01	2.500e-01	3.253e+01	4.209e+03	
6.000e-03	1.000e-02	-4.500e-01	7.500e-01	4.500e-01	4.699e+01	7.221e+03	
6.000e-03	1.000e-02	-4.500e-01	1.000e+00	0.000e+00	3.730e+01	2.082e+03	
6.000e-03	1.000e-02	-4.500e-01	1.000e+00	1.000e-01	2.318e+01	2.111e+03	
6.000e-03	1.000e-02	-4.500e-01	1.000e+00	2.500e-01	3.737e+01	4.436e+03	
6.000e-03	1.000e-02	-4.500e-01	1.000e+00	4.500e-01	7.726e+01	7.063e+03	
6.000e-03	1.000e-01	-4.500e-01	2.500e-01	0.000e+00	2.409e+01	1.576e+03	
6.000e-03	1.000e-01	-4.500e-01	2.500e-01	1.000e-01	3.193e+00	1.560e+02	
6.000e-03	1.000e-01	-4.500e-01	2.500e-01	2.500e-01	2.692e+00	3.153e+02	
6.000e-03	1.000e-01	-4.500e-01	2.500e-01	4.500e-01	5.001e+00	1.335e+03	
6.000e-03	1.000e-01	-4.500e-01	5.000e-01	0.000e+00	1.710e+01	9.602e+02	
6.000e-03	1.000e-01	-4.500e-01	5.000e-01	1.000e-01	2.165e+00	1.146e+02	
6.000e-03	1.000e-01	-4.500e-01	5.000e-01	2.500e-01	4.019e+00	6.538e+02	
6.000e-03	1.000e-01	-4.500e-01	5.000e-01	4.500e-01	6.513e+00	1.672e+03	
6.000e-03	1.000e-01	-4.500e-01	7.500e-01	0.000e+00	8.809e+00	4.096e+02	
6.000e-03	1.000e-01	-4.500e-01	7.500e-01	1.000e-01	2.864e+00	2.521e+02	
6.000e-03	1.000e-01	-4.500e-01	7.500e-01	2.500e-01	5.097e+00	8.917e+02	
6.000e-03	1.000e-01	-4.500e-01	7.500e-01	4.500e-01	8.573e+00	2.045e+03	
6.000e-03	1.000e-01	-4.500e-01	1.000e+00	0.000e+00	6.102e+00	3.528e+02	
6.000e-03	1.000e-01	-4.500e-01	1.000e+00	1.000e-01	3.874e+00	4.543e+02	
6.000e-03	1.000e-01	-4.500e-01	1.000e+00	2.500e-01	5.998e+00	1.029e+03	
6.000e-03	1.000e-01	-4.500e-01	1.000e+00	4.500e-01	1.140e+01	2.044e+03	
4.000e-02	1.000e-02	-4.500e-01	2.500e-01	0.000e+00	4.713e+01	2.944e+03	
4.000e-02	1.000e-02	-4.500e-01	2.500e-01	1.000e-01	3.178e+00	1.240e+02	
4.000e-02	1.000e-02	-4.500e-01	2.500e-01	2.500e-01	2.218e+00	3.018e+02	
4.000e-02	1.000e-02	-4.500e-01	2.500e-01	4.500e-01	1.176e+00	2.745e+02	
4.000e-02	1.000e-02	-4.500e-01	5.000e-01	0.000e+00	2.991e+01	1.524e+03	
4.000e-02	1.000e-02	-4.500e-01	5.000e-01	1.000e-01	4.010e+00	2.011e+02	
4.000e-02	1.000e-02	-4.500e-01	5.000e-01	2.500e-01	1.629e+00	2.281e+02	
4.000e-02	1.000e-02	-4.500e-01	5.000e-01	4.500e-01	1.055e+00	1.922e+02	
4.000e-02	1.000e-02	-4.500e-01	7.500e-01	0.000e+00	5.847e+00	1.895e+02	
4.000e-02	1.000e-02	-4.500e-01	7.500e-01	1.000e-01	2.514e+00	2.123e+02	
4.000e-02	1.000e-02	-4.500e-01	7.500e-01	2.500e-01	1.341e+00	1.761e+02	
4.000e-02	1.000e-02	-4.500e-01	7.500e-01	4.500e-01	1.147e+00	1.934e+02	
4.000e-02	1.000e-02	-4.500e-01	1.000e+00	0.000e+00	1.175e+00	6.823e+01	
4.000e-02	1.000e-02	-4.500e-01	1.000e+00	1.000e-01	1.874e+00	1.739e+02	
4.000e-02	1.000e-02	-4.500e-01	1.000e+00	2.500e-01	1.173e+00	1.409e+02	
4.000e-02	1.000e-02	-4.500e-01	1.000e+00	4.500e-01	2.880e+00	3.604e+02	
4.000e-02	1.000e-01	-4.500e-01	2.500e-01	0.000e+00	1.927e+00	1.245e+02	
4.000e-02	1.000e-01	-4.500e-01	2.500e-01	1.000e-01	1.534e+01	7.443e+02	
4.000e-02	1.000e-01	-4.500e-01	2.500e-01	2.500e-01	1.597e+01	1.933e+03	
4.000e-02	1.000e-01	-4.500e-01	2.500e-01	4.500e-01	8.689e+00	2.314e+03	
4.000e-02	1.000e-01	-4.500e-01	5.000e-01	0.000e+00	2.737e+00	1.517e+02	
4.000e-02	1.000e-01	-4.500e-01	5.000e-01	1.000e-01	2.045e+01	1.136e+03	
4.000e-02	1.000e-01	-4.500e-01	5.000e-01	2.500e-01	1.083e+01	1.793e+03	
4.000e-02	1.000e-01	-4.500e-01	5.000e-01	4.500e-01	6.649e+00	1.713e+03	
4.000e-02	1.000e-01	-4.500e-01	7.500e-01	0.000e+00	5.302e+00	2.468e+02	
4.000e-02	1.000e-01	-4.500e-01	7.500e-01	1.000e-01	1.511e+01	1.382e+03	
4.000e-02	1.000e-01	-4.500e-01	7.500e-01	2.500e-01	8.588e+00	1.521e+03	
4.000e-02	1.000e-01	-4.500e-01	7.500e-01	4.500e-01	4.992e+00	1.210e+03	
4.000e-02	1.000e-01	-4.500e-01	1.000e+00	0.000e+00	7.263e+00	4.320e+02	
4.000e-02	1.000e-01	-4.500e-01	1.000e+00	1.000e-01	1.127e+01	1.347e+03	
4.000e-02	1.000e-01	-4.500e-01	1.000e+00	2.500e-01	7.322e+00	1.268e+03	
4.000e-02	1.000e-01	-4.500e-01	1.000e+00	4.500e-01	3.700e+00	6.778e+02	

Time spent 6050.669441 seconds. 
 
