0.002	0.010	0.000	0.250	0.000	1.000e+00	3.690e-04	
New minimum error 3.690e-04 < inf
0.002	0.010	0.000	0.250	0.100	1.000e+00	1.166e-06	
New minimum error 1.166e-06 < 3.690e-04
0.002	0.010	0.000	0.250	0.250	1.000e+00	9.398e-07	
New minimum error 9.398e-07 < 1.166e-06
0.002	0.010	0.000	0.250	0.450	1.000e+00	9.087e-07	
New minimum error 9.087e-07 < 9.398e-07
0.002	0.010	0.000	0.500	0.000	1.000e+00	1.244e-04	
0.002	0.010	0.000	0.500	0.100	1.000e+00	2.967e-07	
New minimum error 2.967e-07 < 9.087e-07
0.002	0.010	0.000	0.500	0.250	1.000e+00	2.297e-07	
New minimum error 2.297e-07 < 2.967e-07
0.002	0.010	0.000	0.500	0.450	1.000e+00	2.199e-07	
New minimum error 2.199e-07 < 2.297e-07
0.002	0.010	0.000	0.750	0.000	1.000e+00	5.267e-05	
0.002	0.010	0.000	0.750	0.100	1.000e+00	1.107e-07	
New minimum error 1.107e-07 < 2.199e-07
0.002	0.010	0.000	0.750	0.250	1.000e+00	8.300e-08	
New minimum error 8.300e-08 < 1.107e-07
0.002	0.010	0.000	0.750	0.450	1.000e+00	7.897e-08	
New minimum error 7.897e-08 < 8.300e-08
0.002	0.010	0.000	1.000	0.000	1.000e+00	2.386e-05	
0.002	0.010	0.000	1.000	0.100	1.000e+00	4.841e-08	
New minimum error 4.841e-08 < 7.897e-08
0.002	0.010	0.000	1.000	0.250	1.000e+00	3.734e-08	
New minimum error 3.734e-08 < 4.841e-08
0.002	0.010	0.000	1.000	0.450	1.000e+00	3.563e-08	
New minimum error 3.563e-08 < 3.734e-08
0.002	0.100	0.000	0.250	0.000	1.000e+00	3.855e-05	
0.002	0.100	0.000	0.250	0.100	1.000e+00	3.391e-06	
0.002	0.100	0.000	0.250	0.250	1.000e+00	1.592e-07	
0.002	0.100	0.000	0.250	0.450	1.000e+00	2.033e-08	
New minimum error 2.033e-08 < 3.563e-08
0.002	0.100	0.000	0.500	0.000	1.000e+00	1.512e-05	
0.002	0.100	0.000	0.500	0.100	1.000e+00	9.825e-07	
0.002	0.100	0.000	0.500	0.250	1.000e+00	7.015e-08	
0.002	0.100	0.000	0.500	0.450	1.000e+00	1.094e-08	
New minimum error 1.094e-08 < 2.033e-08
0.002	0.100	0.000	0.750	0.000	1.000e+00	6.724e-06	
0.002	0.100	0.000	0.750	0.100	1.000e+00	3.669e-07	
0.002	0.100	0.000	0.750	0.250	1.000e+00	3.380e-08	
0.002	0.100	0.000	0.750	0.450	1.000e+00	5.969e-09	
New minimum error 5.969e-09 < 1.094e-08
0.002	0.100	0.000	1.000	0.000	1.000e+00	3.192e-06	
0.002	0.100	0.000	1.000	0.100	1.000e+00	1.581e-07	
0.002	0.100	0.000	1.000	0.250	1.000e+00	1.507e-08	
0.002	0.100	0.000	1.000	0.450	1.000e+00	2.697e-09	
New minimum error 2.697e-09 < 5.969e-09
0.006	0.010	0.000	0.250	0.000	1.000e+00	9.478e-03	
0.006	0.010	0.000	0.250	0.100	1.000e+00	2.492e-05	
0.006	0.010	0.000	0.250	0.250	1.000e+00	1.352e-05	
0.006	0.010	0.000	0.250	0.450	1.000e+00	1.239e-05	
0.006	0.010	0.000	0.500	0.000	1.000e+00	2.986e-03	
0.006	0.010	0.000	0.500	0.100	1.000e+00	5.568e-06	
0.006	0.010	0.000	0.500	0.250	1.000e+00	2.450e-06	
0.006	0.010	0.000	0.500	0.450	1.000e+00	2.123e-06	
0.006	0.010	0.000	0.750	0.000	1.000e+00	1.115e-03	
0.006	0.010	0.000	0.750	0.100	1.000e+00	2.048e-06	
0.006	0.010	0.000	0.750	0.250	1.000e+00	7.700e-07	
0.006	0.010	0.000	0.750	0.450	1.000e+00	6.359e-07	
0.006	0.010	0.000	1.000	0.000	1.000e+00	4.127e-04	
0.006	0.010	0.000	1.000	0.100	1.000e+00	7.399e-07	
0.006	0.010	0.000	1.000	0.250	1.000e+00	3.088e-07	
0.006	0.010	0.000	1.000	0.450	1.000e+00	2.615e-07	
0.006	0.100	0.000	0.250	0.000	1.000e+00	3.053e-03	
0.006	0.100	0.000	0.250	0.100	1.000e+00	2.723e-04	
0.006	0.100	0.000	0.250	0.250	1.000e+00	1.286e-05	
0.006	0.100	0.000	0.250	0.450	1.000e+00	1.640e-06	
0.006	0.100	0.000	0.500	0.000	1.000e+00	1.198e-03	
0.006	0.100	0.000	0.500	0.100	1.000e+00	7.900e-05	
0.006	0.100	0.000	0.500	0.250	1.000e+00	5.668e-06	
0.006	0.100	0.000	0.500	0.450	1.000e+00	8.849e-07	
0.006	0.100	0.000	0.750	0.000	1.000e+00	5.321e-04	
0.006	0.100	0.000	0.750	0.100	1.000e+00	2.950e-05	
0.006	0.100	0.000	0.750	0.250	1.000e+00	2.730e-06	
0.006	0.100	0.000	0.750	0.450	1.000e+00	4.827e-07	
0.006	0.100	0.000	1.000	0.000	1.000e+00	2.520e-04	
0.006	0.100	0.000	1.000	0.100	1.000e+00	1.270e-05	
0.006	0.100	0.000	1.000	0.250	1.000e+00	1.217e-06	
0.006	0.100	0.000	1.000	0.450	1.000e+00	2.180e-07	
0.040	0.010	0.000	0.250	0.000	1.000e+00	1.155e-01	
0.040	0.010	0.000	0.250	0.100	1.000e+00	6.389e-03	
0.040	0.010	0.000	0.250	0.250	1.000e+00	3.533e-04	
0.040	0.010	0.000	0.250	0.450	1.000e+00	5.137e-05	
0.040	0.010	0.000	0.500	0.000	1.000e+00	3.439e-02	
0.040	0.010	0.000	0.500	0.100	1.000e+00	1.732e-03	
0.040	0.010	0.000	0.500	0.250	1.000e+00	1.938e-04	
0.040	0.010	0.000	0.500	0.450	1.000e+00	3.336e-05	
0.040	0.010	0.000	0.750	0.000	1.000e+00	8.335e-03	
0.040	0.010	0.000	0.750	0.100	1.000e+00	5.738e-04	
0.040	0.010	0.000	0.750	0.250	1.000e+00	1.007e-04	
0.040	0.010	0.000	0.750	0.450	1.000e+00	2.086e-05	
0.040	0.010	0.000	1.000	0.000	1.000e+00	4.491e-04	
0.040	0.010	0.000	1.000	0.100	1.000e+00	4.188e-05	
0.040	0.010	0.000	1.000	0.250	1.000e+00	1.001e-05	
0.040	0.010	0.000	1.000	0.450	1.000e+00	2.811e-06	
0.040	0.100	0.000	0.250	0.000	1.000e+00	2.515e+00	
0.040	0.100	0.000	0.250	0.100	1.000e+00	3.644e-01	
0.040	0.100	0.000	0.250	0.250	1.000e+00	2.212e-02	
0.040	0.100	0.000	0.250	0.450	1.000e+00	2.896e-03	
0.040	0.100	0.000	0.500	0.000	1.000e+00	1.024e+00	
0.040	0.100	0.000	0.500	0.100	1.000e+00	1.116e-01	
0.040	0.100	0.000	0.500	0.250	1.000e+00	9.968e-03	
0.040	0.100	0.000	0.500	0.450	1.000e+00	1.636e-03	
0.040	0.100	0.000	0.750	0.000	1.000e+00	4.302e-01	
0.040	0.100	0.000	0.750	0.100	1.000e+00	4.137e-02	
0.040	0.100	0.000	0.750	0.250	1.000e+00	4.749e-03	
0.040	0.100	0.000	0.750	0.450	1.000e+00	8.881e-04	
0.040	0.100	0.000	1.000	0.000	1.000e+00	1.847e-01	
0.040	0.100	0.000	1.000	0.100	1.000e+00	1.713e-02	
0.040	0.100	0.000	1.000	0.250	1.000e+00	2.054e-03	
0.040	0.100	0.000	1.000	0.450	1.000e+00	3.919e-04	
0.002	0.010	-0.100	0.250	0.000	1.000e+00	1.405e-06	
0.002	0.010	-0.100	0.250	0.100	1.000e+00	7.681e-08	
0.002	0.010	-0.100	0.250	0.250	1.000e+00	1.634e-09	
New minimum error 1.634e-09 < 2.697e-09
0.002	0.010	-0.100	0.250	0.450	1.000e+00	1.224e-10	
New minimum error 1.224e-10 < 1.634e-09
0.002	0.010	-0.100	0.500	0.000	1.000e+00	9.701e-08	
0.002	0.010	-0.100	0.500	0.100	1.000e+00	2.410e-08	
0.002	0.010	-0.100	0.500	0.250	1.000e+00	9.098e-11	
New minimum error 9.098e-11 < 1.224e-10
0.002	0.010	-0.100	0.500	0.450	1.000e+00	1.884e-11	
New minimum error 1.884e-11 < 9.098e-11
0.002	0.010	-0.100	0.750	0.000	1.000e+00	2.821e-08	
0.002	0.010	-0.100	0.750	0.100	1.000e+00	1.150e-08	
0.002	0.010	-0.100	0.750	0.250	1.000e+00	1.301e-12	
New minimum error 1.301e-12 < 1.884e-11
0.002	0.010	-0.100	0.750	0.450	1.000e+00	1.264e-13	
New minimum error 1.264e-13 < 1.301e-12
0.002	0.010	-0.100	1.000	0.000	1.000e+00	1.329e-08	
0.002	0.010	-0.100	1.000	0.100	1.000e+00	3.487e-09	
0.002	0.010	-0.100	1.000	0.250	1.000e+00	4.365e-13	
0.002	0.010	-0.100	1.000	0.450	1.000e+00	4.009e-14	
New minimum error 4.009e-14 < 1.264e-13
0.002	0.100	-0.100	0.250	0.000	1.000e+00	1.549e-05	
0.002	0.100	-0.100	0.250	0.100	1.000e+00	3.377e-06	
0.002	0.100	-0.100	0.250	0.250	1.000e+00	1.770e-07	
0.002	0.100	-0.100	0.250	0.450	1.000e+00	1.146e-08	
0.002	0.100	-0.100	0.500	0.000	1.000e+00	3.084e-06	
0.002	0.100	-0.100	0.500	0.100	1.000e+00	9.804e-07	
0.002	0.100	-0.100	0.500	0.250	1.000e+00	3.549e-08	
0.002	0.100	-0.100	0.500	0.450	1.000e+00	3.310e-09	
0.002	0.100	-0.100	0.750	0.000	1.000e+00	9.746e-07	
0.002	0.100	-0.100	0.750	0.100	1.000e+00	3.662e-07	
0.002	0.100	-0.100	0.750	0.250	1.000e+00	8.623e-09	
0.002	0.100	-0.100	0.750	0.450	1.000e+00	8.507e-10	
0.002	0.100	-0.100	1.000	0.000	1.000e+00	4.537e-07	
0.002	0.100	-0.100	1.000	0.100	1.000e+00	1.578e-07	
0.002	0.100	-0.100	1.000	0.250	1.000e+00	3.212e-09	
0.002	0.100	-0.100	1.000	0.450	1.000e+00	3.191e-10	
0.006	0.010	-0.100	0.250	0.000	1.000e+00	1.071e-04	
0.006	0.010	-0.100	0.250	0.100	1.000e+00	6.134e-06	
0.006	0.010	-0.100	0.250	0.250	1.000e+00	1.318e-07	
0.006	0.010	-0.100	0.250	0.450	1.000e+00	9.896e-09	
0.006	0.010	-0.100	0.500	0.000	1.000e+00	7.717e-06	
0.006	0.010	-0.100	0.500	0.100	1.000e+00	1.919e-06	
0.006	0.010	-0.100	0.500	0.250	1.000e+00	7.331e-09	
0.006	0.010	-0.100	0.500	0.450	1.000e+00	1.521e-09	
0.006	0.010	-0.100	0.750	0.000	1.000e+00	2.265e-06	
0.006	0.010	-0.100	0.750	0.100	1.000e+00	9.072e-07	
0.006	0.010	-0.100	0.750	0.250	1.000e+00	1.050e-10	
0.006	0.010	-0.100	0.750	0.450	1.000e+00	1.020e-11	
0.006	0.010	-0.100	1.000	0.000	1.000e+00	1.071e-06	
0.006	0.010	-0.100	1.000	0.100	1.000e+00	2.644e-07	
0.006	0.010	-0.100	1.000	0.250	1.000e+00	3.521e-11	
0.006	0.010	-0.100	1.000	0.450	1.000e+00	3.226e-12	
0.006	0.100	-0.100	0.250	0.000	1.000e+00	1.233e-03	
0.006	0.100	-0.100	0.250	0.100	1.000e+00	2.712e-04	
0.006	0.100	-0.100	0.250	0.250	1.000e+00	1.429e-05	
0.006	0.100	-0.100	0.250	0.450	1.000e+00	9.268e-07	
0.006	0.100	-0.100	0.500	0.000	1.000e+00	2.475e-04	
0.006	0.100	-0.100	0.500	0.100	1.000e+00	7.884e-05	
0.006	0.100	-0.100	0.500	0.250	1.000e+00	2.865e-06	
0.006	0.100	-0.100	0.500	0.450	1.000e+00	2.676e-07	
0.006	0.100	-0.100	0.750	0.000	1.000e+00	7.849e-05	
0.006	0.100	-0.100	0.750	0.100	1.000e+00	2.945e-05	
0.006	0.100	-0.100	0.750	0.250	1.000e+00	6.962e-07	
0.006	0.100	-0.100	0.750	0.450	1.000e+00	6.879e-08	
0.006	0.100	-0.100	1.000	0.000	1.000e+00	3.660e-05	
0.006	0.100	-0.100	1.000	0.100	1.000e+00	1.268e-05	
0.006	0.100	-0.100	1.000	0.250	1.000e+00	2.594e-07	
0.006	0.100	-0.100	1.000	0.450	1.000e+00	2.581e-08	
0.040	0.010	-0.100	0.250	0.000	1.000e+00	4.027e-02	
0.040	0.010	-0.100	0.250	0.100	1.000e+00	6.434e-03	
0.040	0.010	-0.100	0.250	0.250	1.000e+00	2.103e-04	
0.040	0.010	-0.100	0.250	0.450	1.000e+00	1.791e-05	
0.040	0.010	-0.100	0.500	0.000	1.000e+00	7.574e-03	
0.040	0.010	-0.100	0.500	0.100	1.000e+00	1.731e-03	
0.040	0.010	-0.100	0.500	0.250	1.000e+00	1.119e-05	
0.040	0.010	-0.100	0.500	0.450	1.000e+00	2.557e-06	
0.040	0.010	-0.100	0.750	0.000	1.000e+00	3.060e-03	
0.040	0.010	-0.100	0.750	0.100	1.000e+00	5.734e-04	
0.040	0.010	-0.100	0.750	0.250	1.000e+00	1.730e-07	
0.040	0.010	-0.100	0.750	0.450	1.000e+00	1.822e-08	
0.040	0.010	-0.100	1.000	0.000	1.000e+00	1.667e-03	
0.040	0.010	-0.100	1.000	0.100	1.000e+00	4.170e-05	
0.040	0.010	-0.100	1.000	0.250	1.000e+00	5.881e-08	
0.040	0.010	-0.100	1.000	0.450	1.000e+00	5.878e-09	
0.040	0.100	-0.100	0.250	0.000	1.000e+00	1.219e+00	
0.040	0.100	-0.100	0.250	0.100	1.000e+00	3.637e-01	
0.040	0.100	-0.100	0.250	0.250	1.000e+00	2.358e-02	
0.040	0.100	-0.100	0.250	0.450	1.000e+00	1.690e-03	
0.040	0.100	-0.100	0.500	0.000	1.000e+00	3.247e-01	
0.040	0.100	-0.100	0.500	0.100	1.000e+00	1.115e-01	
0.040	0.100	-0.100	0.500	0.250	1.000e+00	4.783e-03	
0.040	0.100	-0.100	0.500	0.450	1.000e+00	4.838e-04	
0.040	0.100	-0.100	0.750	0.000	1.000e+00	1.194e-01	
0.040	0.100	-0.100	0.750	0.100	1.000e+00	4.134e-02	
0.040	0.100	-0.100	0.750	0.250	1.000e+00	1.179e-03	
0.040	0.100	-0.100	0.750	0.450	1.000e+00	1.253e-04	
0.040	0.100	-0.100	1.000	0.000	1.000e+00	5.980e-02	
0.040	0.100	-0.100	1.000	0.100	1.000e+00	1.712e-02	
0.040	0.100	-0.100	1.000	0.250	1.000e+00	4.424e-04	
0.040	0.100	-0.100	1.000	0.450	1.000e+00	4.745e-05	
0.002	0.010	-0.250	0.250	0.000	1.000e+00	2.477e-08	
0.002	0.010	-0.250	0.250	0.100	1.000e+00	2.117e-07	
0.002	0.010	-0.250	0.250	0.250	1.000e+00	2.649e-09	
0.002	0.010	-0.250	0.250	0.450	1.000e+00	7.022e-13	
0.002	0.010	-0.250	0.500	0.000	1.000e+00	4.289e-09	
0.002	0.010	-0.250	0.500	0.100	1.000e+00	4.326e-09	
0.002	0.010	-0.250	0.500	0.250	1.000e+00	1.487e-09	
0.002	0.010	-0.250	0.500	0.450	1.000e+00	1.112e-13	
0.002	0.010	-0.250	0.750	0.000	1.000e+00	1.606e-09	
0.002	0.010	-0.250	0.750	0.100	1.000e+00	1.492e-09	
0.002	0.010	-0.250	0.750	0.250	1.000e+00	8.800e-10	
0.002	0.010	-0.250	0.750	0.450	1.000e+00	3.839e-14	
New minimum error 3.839e-14 < 4.009e-14
0.002	0.010	-0.250	1.000	0.000	1.000e+00	8.275e-10	
0.002	0.010	-0.250	1.000	0.100	1.000e+00	8.852e-10	
0.002	0.010	-0.250	1.000	0.250	1.000e+00	2.362e-10	
0.002	0.010	-0.250	1.000	0.450	1.000e+00	1.737e-14	
New minimum error 1.737e-14 < 3.839e-14
0.002	0.100	-0.250	0.250	0.000	1.000e+00	5.293e-07	
0.002	0.100	-0.250	0.250	0.100	1.000e+00	3.839e-06	
0.002	0.100	-0.250	0.250	0.250	1.000e+00	1.555e-07	
0.002	0.100	-0.250	0.250	0.450	1.000e+00	3.855e-09	
0.002	0.100	-0.250	0.500	0.000	1.000e+00	1.721e-07	
0.002	0.100	-0.250	0.500	0.100	1.000e+00	2.138e-07	
0.002	0.100	-0.250	0.500	0.250	1.000e+00	6.962e-08	
0.002	0.100	-0.250	0.500	0.450	1.000e+00	9.313e-10	
0.002	0.100	-0.250	0.750	0.000	1.000e+00	7.751e-08	
0.002	0.100	-0.250	0.750	0.100	1.000e+00	8.401e-08	
0.002	0.100	-0.250	0.750	0.250	1.000e+00	3.364e-08	
0.002	0.100	-0.250	0.750	0.450	1.000e+00	3.383e-10	
0.002	0.100	-0.250	1.000	0.000	1.000e+00	4.304e-08	
0.002	0.100	-0.250	1.000	0.100	1.000e+00	4.778e-08	
0.002	0.100	-0.250	1.000	0.250	1.000e+00	1.500e-08	
0.002	0.100	-0.250	1.000	0.450	1.000e+00	1.550e-10	
0.006	0.010	-0.250	0.250	0.000	1.000e+00	1.983e-06	
0.006	0.010	-0.250	0.250	0.100	1.000e+00	1.656e-05	
0.006	0.010	-0.250	0.250	0.250	1.000e+00	2.139e-07	
0.006	0.010	-0.250	0.250	0.450	1.000e+00	5.666e-11	
0.006	0.010	-0.250	0.500	0.000	1.000e+00	3.462e-07	
0.006	0.010	-0.250	0.500	0.100	1.000e+00	3.513e-07	
0.006	0.010	-0.250	0.500	0.250	1.000e+00	1.200e-07	
0.006	0.010	-0.250	0.500	0.450	1.000e+00	8.976e-12	
0.006	0.010	-0.250	0.750	0.000	1.000e+00	1.299e-07	
0.006	0.010	-0.250	0.750	0.100	1.000e+00	1.207e-07	
0.006	0.010	-0.250	0.750	0.250	1.000e+00	7.086e-08	
0.006	0.010	-0.250	0.750	0.450	1.000e+00	3.090e-12	
0.006	0.010	-0.250	1.000	0.000	1.000e+00	6.697e-08	
0.006	0.010	-0.250	1.000	0.100	1.000e+00	7.164e-08	
0.006	0.010	-0.250	1.000	0.250	1.000e+00	1.864e-08	
0.006	0.010	-0.250	1.000	0.450	1.000e+00	1.389e-12	
0.006	0.100	-0.250	0.250	0.000	1.000e+00	4.262e-05	
0.006	0.100	-0.250	0.250	0.100	1.000e+00	3.067e-04	
0.006	0.100	-0.250	0.250	0.250	1.000e+00	1.256e-05	
0.006	0.100	-0.250	0.250	0.450	1.000e+00	3.116e-07	
0.006	0.100	-0.250	0.500	0.000	1.000e+00	1.391e-05	
0.006	0.100	-0.250	0.500	0.100	1.000e+00	1.730e-05	
0.006	0.100	-0.250	0.500	0.250	1.000e+00	5.627e-06	
0.006	0.100	-0.250	0.500	0.450	1.000e+00	7.532e-08	
0.006	0.100	-0.250	0.750	0.000	1.000e+00	6.271e-06	
0.006	0.100	-0.250	0.750	0.100	1.000e+00	6.799e-06	
0.006	0.100	-0.250	0.750	0.250	1.000e+00	2.718e-06	
0.006	0.100	-0.250	0.750	0.450	1.000e+00	2.736e-08	
0.006	0.100	-0.250	1.000	0.000	1.000e+00	3.484e-06	
0.006	0.100	-0.250	1.000	0.100	1.000e+00	3.867e-06	
0.006	0.100	-0.250	1.000	0.250	1.000e+00	1.211e-06	
0.006	0.100	-0.250	1.000	0.450	1.000e+00	1.254e-08	
0.040	0.010	-0.250	0.250	0.000	1.000e+00	2.394e-03	
0.040	0.010	-0.250	0.250	0.100	1.000e+00	1.013e-02	
0.040	0.010	-0.250	0.250	0.250	1.000e+00	3.574e-04	
0.040	0.010	-0.250	0.250	0.450	1.000e+00	9.501e-08	
0.040	0.010	-0.250	0.500	0.000	1.000e+00	5.864e-04	
0.040	0.010	-0.250	0.500	0.100	1.000e+00	7.178e-04	
0.040	0.010	-0.250	0.500	0.250	1.000e+00	1.937e-04	
0.040	0.010	-0.250	0.500	0.450	1.000e+00	1.637e-08	
0.040	0.010	-0.250	0.750	0.000	1.000e+00	2.381e-04	
0.040	0.010	-0.250	0.750	0.100	1.000e+00	2.240e-04	
0.040	0.010	-0.250	0.750	0.250	1.000e+00	1.005e-04	
0.040	0.010	-0.250	0.750	0.450	1.000e+00	5.716e-09	
0.040	0.010	-0.250	1.000	0.000	1.000e+00	1.266e-04	
0.040	0.010	-0.250	1.000	0.100	1.000e+00	1.355e-04	
0.040	0.010	-0.250	1.000	0.250	1.000e+00	9.931e-06	
0.040	0.010	-0.250	1.000	0.450	1.000e+00	2.587e-09	
0.040	0.100	-0.250	0.250	0.000	1.000e+00	6.482e-02	
0.040	0.100	-0.250	0.250	0.100	1.000e+00	3.414e-01	
0.040	0.100	-0.250	0.250	0.250	1.000e+00	2.193e-02	
0.040	0.100	-0.250	0.250	0.450	1.000e+00	5.559e-04	
0.040	0.100	-0.250	0.500	0.000	1.000e+00	2.457e-02	
0.040	0.100	-0.250	0.500	0.100	1.000e+00	3.236e-02	
0.040	0.100	-0.250	0.500	0.250	1.000e+00	9.942e-03	
0.040	0.100	-0.250	0.500	0.450	1.000e+00	1.380e-04	
0.040	0.100	-0.250	0.750	0.000	1.000e+00	1.167e-02	
0.040	0.100	-0.250	0.750	0.100	1.000e+00	1.296e-02	
0.040	0.100	-0.250	0.750	0.250	1.000e+00	4.741e-03	
0.040	0.100	-0.250	0.750	0.450	1.000e+00	5.077e-05	
0.040	0.100	-0.250	1.000	0.000	1.000e+00	6.628e-03	
0.040	0.100	-0.250	1.000	0.100	1.000e+00	7.411e-03	
0.040	0.100	-0.250	1.000	0.250	1.000e+00	2.050e-03	
0.040	0.100	-0.250	1.000	0.450	1.000e+00	2.339e-05	
0.002	0.010	-0.450	0.250	0.000	1.000e+00	1.676e-14	
New minimum error 1.676e-14 < 1.737e-14
0.002	0.010	-0.450	0.250	0.100	1.000e+00	9.536e-13	
0.002	0.010	-0.450	0.250	0.250	1.000e+00	5.117e-10	
0.002	0.010	-0.450	0.250	0.450	1.000e+00	3.384e-10	
0.002	0.010	-0.450	0.500	0.000	1.000e+00	2.842e-14	
0.002	0.010	-0.450	0.500	0.100	1.000e+00	2.803e-10	
0.002	0.010	-0.450	0.500	0.250	1.000e+00	2.924e-10	
0.002	0.010	-0.450	0.500	0.450	1.000e+00	2.241e-10	
0.002	0.010	-0.450	0.750	0.000	1.000e+00	1.714e-13	
0.002	0.010	-0.450	0.750	0.100	1.000e+00	3.276e-10	
0.002	0.010	-0.450	0.750	0.250	1.000e+00	1.881e-10	
0.002	0.010	-0.450	0.750	0.450	1.000e+00	1.483e-10	
0.002	0.010	-0.450	1.000	0.000	1.000e+00	3.582e-11	
0.002	0.010	-0.450	1.000	0.100	1.000e+00	2.221e-10	
0.002	0.010	-0.450	1.000	0.250	1.000e+00	1.319e-10	
0.002	0.010	-0.450	1.000	0.450	1.000e+00	3.864e-11	
0.002	0.100	-0.450	0.250	0.000	1.000e+00	1.456e-10	
0.002	0.100	-0.450	0.250	0.100	1.000e+00	4.820e-09	
0.002	0.100	-0.450	0.250	0.250	1.000e+00	2.362e-08	
0.002	0.100	-0.450	0.250	0.450	1.000e+00	1.847e-08	
0.002	0.100	-0.450	0.500	0.000	1.000e+00	2.249e-10	
0.002	0.100	-0.450	0.500	0.100	1.000e+00	1.150e-08	
0.002	0.100	-0.450	0.500	0.250	1.000e+00	1.568e-08	
0.002	0.100	-0.450	0.500	0.450	1.000e+00	1.069e-08	
0.002	0.100	-0.450	0.750	0.000	1.000e+00	5.776e-10	
0.002	0.100	-0.450	0.750	0.100	1.000e+00	1.398e-08	
0.002	0.100	-0.450	0.750	0.250	1.000e+00	1.074e-08	
0.002	0.100	-0.450	0.750	0.450	1.000e+00	5.891e-09	
0.002	0.100	-0.450	1.000	0.000	1.000e+00	1.654e-09	
0.002	0.100	-0.450	1.000	0.100	1.000e+00	1.125e-08	
0.002	0.100	-0.450	1.000	0.250	1.000e+00	7.701e-09	
0.002	0.100	-0.450	1.000	0.450	1.000e+00	2.664e-09	
0.006	0.010	-0.450	0.250	0.000	1.000e+00	1.344e-12	
0.006	0.010	-0.450	0.250	0.100	1.000e+00	7.782e-11	
0.006	0.010	-0.450	0.250	0.250	1.000e+00	4.141e-08	
0.006	0.010	-0.450	0.250	0.450	1.000e+00	2.738e-08	
0.006	0.010	-0.450	0.500	0.000	1.000e+00	2.292e-12	
0.006	0.010	-0.450	0.500	0.100	1.000e+00	2.280e-08	
0.006	0.010	-0.450	0.500	0.250	1.000e+00	2.367e-08	
0.006	0.010	-0.450	0.500	0.450	1.000e+00	1.812e-08	
0.006	0.010	-0.450	0.750	0.000	1.000e+00	1.395e-11	
0.006	0.010	-0.450	0.750	0.100	1.000e+00	2.653e-08	
0.006	0.010	-0.450	0.750	0.250	1.000e+00	1.523e-08	
0.006	0.010	-0.450	0.750	0.450	1.000e+00	1.198e-08	
0.006	0.010	-0.450	1.000	0.000	1.000e+00	2.904e-09	
0.006	0.010	-0.450	1.000	0.100	1.000e+00	1.799e-08	
0.006	0.010	-0.450	1.000	0.250	1.000e+00	1.068e-08	
0.006	0.010	-0.450	1.000	0.450	1.000e+00	3.084e-09	
0.006	0.100	-0.450	0.250	0.000	1.000e+00	1.181e-08	
0.006	0.100	-0.450	0.250	0.100	1.000e+00	3.918e-07	
0.006	0.100	-0.450	0.250	0.250	1.000e+00	1.912e-06	
0.006	0.100	-0.450	0.250	0.450	1.000e+00	1.494e-06	
0.006	0.100	-0.450	0.500	0.000	1.000e+00	1.825e-08	
0.006	0.100	-0.450	0.500	0.100	1.000e+00	9.327e-07	
0.006	0.100	-0.450	0.500	0.250	1.000e+00	1.270e-06	
0.006	0.100	-0.450	0.500	0.450	1.000e+00	8.648e-07	
0.006	0.100	-0.450	0.750	0.000	1.000e+00	4.688e-08	
0.006	0.100	-0.450	0.750	0.100	1.000e+00	1.133e-06	
0.006	0.100	-0.450	0.750	0.250	1.000e+00	8.698e-07	
0.006	0.100	-0.450	0.750	0.450	1.000e+00	4.766e-07	
0.006	0.100	-0.450	1.000	0.000	1.000e+00	1.341e-07	
0.006	0.100	-0.450	1.000	0.100	1.000e+00	9.113e-07	
0.006	0.100	-0.450	1.000	0.250	1.000e+00	6.236e-07	
0.006	0.100	-0.450	1.000	0.450	1.000e+00	2.154e-07	
0.040	0.010	-0.450	0.250	0.000	1.000e+00	2.871e-09	
0.040	0.010	-0.450	0.250	0.100	1.000e+00	2.336e-07	
0.040	0.010	-0.450	0.250	0.250	1.000e+00	7.842e-05	
0.040	0.010	-0.450	0.250	0.450	1.000e+00	5.092e-05	
0.040	0.010	-0.450	0.500	0.000	1.000e+00	5.026e-09	
0.040	0.010	-0.450	0.500	0.100	1.000e+00	5.290e-05	
0.040	0.010	-0.450	0.500	0.250	1.000e+00	4.550e-05	
0.040	0.010	-0.450	0.500	0.450	1.000e+00	3.321e-05	
0.040	0.010	-0.450	0.750	0.000	1.000e+00	3.855e-08	
0.040	0.010	-0.450	0.750	0.100	1.000e+00	5.161e-05	
0.040	0.010	-0.450	0.750	0.250	1.000e+00	2.953e-05	
0.040	0.010	-0.450	0.750	0.450	1.000e+00	2.078e-05	
0.040	0.010	-0.450	1.000	0.000	1.000e+00	6.001e-06	
0.040	0.010	-0.450	1.000	0.100	1.000e+00	3.495e-05	
0.040	0.010	-0.450	1.000	0.250	1.000e+00	2.082e-05	
0.040	0.010	-0.450	1.000	0.450	1.000e+00	2.777e-06	
0.040	0.100	-0.450	0.250	0.000	1.000e+00	2.497e-05	
0.040	0.100	-0.450	0.250	0.100	1.000e+00	9.219e-04	
0.040	0.100	-0.450	0.250	0.250	1.000e+00	3.681e-03	
0.040	0.100	-0.450	0.250	0.450	1.000e+00	2.815e-03	
0.040	0.100	-0.450	0.500	0.000	1.000e+00	3.908e-05	
0.040	0.100	-0.450	0.500	0.100	1.000e+00	1.985e-03	
0.040	0.100	-0.450	0.500	0.250	1.000e+00	2.456e-03	
0.040	0.100	-0.450	0.500	0.450	1.000e+00	1.626e-03	
0.040	0.100	-0.450	0.750	0.000	1.000e+00	1.020e-04	
0.040	0.100	-0.450	0.750	0.100	1.000e+00	2.237e-03	
0.040	0.100	-0.450	0.750	0.250	1.000e+00	1.690e-03	
0.040	0.100	-0.450	0.750	0.450	1.000e+00	8.849e-04	
0.040	0.100	-0.450	1.000	0.000	1.000e+00	2.758e-04	
0.040	0.100	-0.450	1.000	0.100	1.000e+00	1.782e-03	
0.040	0.100	-0.450	1.000	0.250	1.000e+00	1.216e-03	
0.040	0.100	-0.450	1.000	0.450	1.000e+00	3.905e-04	

 Time spent 54393.927795 seconds. 
 
